-1.000000000000000021e-02 -1.000000000000000021e-02 0.000000000000000000e+00 1.000000000000000021e-02 1.000000000000000021e-02 1.000000000000000000e+00 1.000000000000000000e+00 4.000000000000000222e-01 2.000000000000000111e-01 0.000000000000000000e+00 2.000000000000000111e-01 4.000000000000000222e-01 4.758769461350946806e-01 4.768721842113964327e-01 4.783682530712580205e-01 4.844939038368700768e-01 4.914563503934797906e-01
-1.000000000000000021e-02 -1.000000000000000021e-02 0.000000000000000000e+00 1.000000000000000021e-02 1.000000000000000021e-02 1.663865546218487257e+00 1.663865546218487257e+00 4.000000000000000222e-01 2.000000000000000111e-01 0.000000000000000000e+00 2.000000000000000111e-01 4.000000000000000222e-01 4.610424089966203565e-01 4.617155740080302051e-01 4.633205463456803730e-01 4.754308758179995320e-01 4.882070372630755717e-01
-1.000000000000000021e-02 -1.000000000000000021e-02 0.000000000000000000e+00 1.000000000000000021e-02 1.000000000000000021e-02 2.327731092436974514e+00 2.327731092436974514e+00 4.000000000000000222e-01 2.000000000000000111e-01 0.000000000000000000e+00 2.000000000000000111e-01 4.000000000000000222e-01 4.483878928464844482e-01 4.476461785162627049e-01 4.494375809004036437e-01 4.676888784631147988e-01 4.881511870438122180e-01
-1.000000000000000021e-02 -1.000000000000000021e-02 0.000000000000000000e+00 1.000000000000000021e-02 1.000000000000000021e-02 2.991596638655462215e+00 2.991596638655462215e+00 4.000000000000000222e-01 2.000000000000000111e-01 0.000000000000000000e+00 2.000000000000000111e-01 4.000000000000000222e-01 4.381484698191662752e-01 4.367691526240789490e-01 4.380678209484671903e-01 4.634148408406740804e-01 4.907019790184526942e-01
-1.000000000000000021e-02 -1.000000000000000021e-02 0.000000000000000000e+00 1.000000000000000021e-02 1.000000000000000021e-02 3.655462184873949472e+00 3.655462184873949472e+00 4.000000000000000222e-01 2.000000000000000111e-01 0.000000000000000000e+00 2.000000000000000111e-01 4.000000000000000222e-01 4.308899983647130338e-01 4.279398660223752149e-01 4.285520005774504093e-01 4.612612091376329659e-01 4.965190283204672372e-01
-1.000000000000000021e-02 -1.000000000000000021e-02 0.000000000000000000e+00 1.000000000000000021e-02 1.000000000000000021e-02 4.319327731092436728e+00 4.319327731092436728e+00 4.000000000000000222e-01 2.000000000000000111e-01 0.000000000000000000e+00 2.000000000000000111e-01 4.000000000000000222e-01 4.269519932926942873e-01 4.227036598025771807e-01 4.223168075095674601e-01 4.625836148272884363e-01 5.042021907569295136e-01
-1.000000000000000021e-02 -1.000000000000000021e-02 0.000000000000000000e+00 1.000000000000000021e-02 1.000000000000000021e-02 4.983193277310924429e+00 4.983193277310924429e+00 4.000000000000000222e-01 2.000000000000000111e-01 0.000000000000000000e+00 2.000000000000000111e-01 4.000000000000000222e-01 4.263090991486802595e-01 4.209513948980818654e-01 4.193037444098687283e-01 4.667317771059931175e-01 5.143591875709196959e-01
-1.000000000000000021e-02 -1.000000000000000021e-02 0.000000000000000000e+00 1.000000000000000021e-02 1.000000000000000021e-02 5.647058823529411242e+00 5.647058823529411242e+00 4.000000000000000222e-01 2.000000000000000111e-01 0.000000000000000000e+00 2.000000000000000111e-01 4.000000000000000222e-01 4.285140204586325163e-01 4.226733291322423702e-01 4.198112952882009363e-01 4.747889287580058237e-01 5.268610198589974702e-01
-1.000000000000000021e-02 -1.000000000000000021e-02 0.000000000000000000e+00 1.000000000000000021e-02 1.000000000000000021e-02 6.310924369747898943e+00 6.310924369747898943e+00 4.000000000000000222e-01 2.000000000000000111e-01 0.000000000000000000e+00 2.000000000000000111e-01 4.000000000000000222e-01 4.341164112846729317e-01 4.272373463521776937e-01 4.229905125408023880e-01 4.831183006946350167e-01 5.395805121005224914e-01
-1.000000000000000021e-02 -1.000000000000000021e-02 0.000000000000000000e+00 1.000000000000000021e-02 1.000000000000000021e-02 6.974789915966386644e+00 6.974789915966386644e+00 4.000000000000000222e-01 2.000000000000000111e-01 0.000000000000000000e+00 2.000000000000000111e-01 4.000000000000000222e-01 4.415403843261133110e-01 4.349255760919329972e-01 4.298507886593629368e-01 4.958957719676700404e-01 5.546768454920617542e-01
-1.000000000000000021e-02 -1.000000000000000021e-02 0.000000000000000000e+00 1.000000000000000021e-02 1.000000000000000021e-02 7.638655462184873457e+00 7.638655462184873457e+00 4.000000000000000222e-01 2.000000000000000111e-01 0.000000000000000000e+00 2.000000000000000111e-01 4.000000000000000222e-01 4.529936885744790809e-01 4.455887803534312464e-01 4.396019257150332038e-01 5.095499159827882041e-01 5.696252166535716865e-01
-1.000000000000000021e-02 -1.000000000000000021e-02 0.000000000000000000e+00 1.000000000000000021e-02 1.000000000000000021e-02 8.302521008403360270e+00 8.302521008403360270e+00 4.000000000000000222e-01 2.000000000000000111e-01 0.000000000000000000e+00 2.000000000000000111e-01 4.000000000000000222e-01 4.668221938920623093e-01 4.585787964864515565e-01 4.519263224321360961e-01 5.231236070181121134e-01 5.845821194671716459e-01
-1.000000000000000021e-02 -1.000000000000000021e-02 0.000000000000000000e+00 1.000000000000000021e-02 1.000000000000000021e-02 8.966386554621848859e+00 8.966386554621848859e+00 4.000000000000000222e-01 2.000000000000000111e-01 0.000000000000000000e+00 2.000000000000000111e-01 4.000000000000000222e-01 4.812817964718864583e-01 4.729708923680694954e-01 4.656828621453707462e-01 5.390675281452566026e-01 5.979691326398708373e-01
-1.000000000000000021e-02 -1.000000000000000021e-02 0.000000000000000000e+00 1.000000000000000021e-02 1.000000000000000021e-02 9.630252100840335672e+00 9.630252100840335672e+00 4.000000000000000222e-01 2.000000000000000111e-01 0.000000000000000000e+00 2.000000000000000111e-01 4.000000000000000222e-01 4.970192886924512110e-01 4.894268801745176312e-01 4.828347315300684506e-01 5.556634029134149833e-01 6.122102065033176999e-01
-1.000000000000000021e-02 -1.000000000000000021e-02 0.000000000000000000e+00 1.000000000000000021e-02 1.000000000000000021e-02 1.029411764705882248e+01 1.029411764705882248e+01 4.000000000000000222e-01 2.000000000000000111e-01 0.000000000000000000e+00 2.000000000000000111e-01 4.000000000000000222e-01 5.152316029026434707e-01 5.069234077546942441e-01 4.995744840767462613e-01 5.708190700729084410e-01 6.247744263484652505e-01
-1.000000000000000021e-02 -1.000000000000000021e-02 0.000000000000000000e+00 1.000000000000000021e-02 1.000000000000000021e-02 1.095798319327731107e+01 1.095798319327731107e+01 4.000000000000000222e-01 2.000000000000000111e-01 0.000000000000000000e+00 2.000000000000000111e-01 4.000000000000000222e-01 5.311811694688775010e-01 5.247376797165261841e-01 5.169134904131292840e-01 5.864450115904068506e-01 6.364130328342338938e-01
-1.000000000000000021e-02 -1.000000000000000021e-02 0.000000000000000000e+00 1.000000000000000021e-02 1.000000000000000021e-02 1.162184873949579789e+01 1.162184873949579789e+01 4.000000000000000222e-01 2.000000000000000111e-01 0.000000000000000000e+00 2.000000000000000111e-01 4.000000000000000222e-01 5.477102580148258681e-01 5.415451744875741102e-01 5.354455494746795940e-01 6.007653964585250028e-01 6.475124344127296538e-01
-1.000000000000000021e-02 -1.000000000000000021e-02 0.000000000000000000e+00 1.000000000000000021e-02 1.000000000000000021e-02 1.228571428571428470e+01 1.228571428571428470e+01 4.000000000000000222e-01 2.000000000000000111e-01 0.000000000000000000e+00 2.000000000000000111e-01 4.000000000000000222e-01 5.636951533120889701e-01 5.596518792817626320e-01 5.529910755349406459e-01 6.138143156257369615e-01 6.572147655589096749e-01
-1.000000000000000021e-02 -1.000000000000000021e-02 0.000000000000000000e+00 1.000000000000000021e-02 1.000000000000000021e-02 1.294957983193277329e+01 1.294957983193277329e+01 4.000000000000000222e-01 2.000000000000000111e-01 0.000000000000000000e+00 2.000000000000000111e-01 4.000000000000000222e-01 5.802748200030880543e-01 5.754980326050267436e-01 5.708051979489752181e-01 6.269788659605562975e-01 6.666309425753368378e-01
-1.000000000000000021e-02 -1.000000000000000021e-02 0.000000000000000000e+00 1.000000000000000021e-02 1.000000000000000021e-02 1.361344537815126010e+01 1.361344537815126010e+01 4.000000000000000222e-01 2.000000000000000111e-01 0.000000000000000000e+00 2.000000000000000111e-01 4.000000000000000222e-01 5.954573225201827968e-01 5.911597369440272365e-01 5.875146318744697282e-01 6.389776602706442876e-01 6.752151516353182004e-01
-1.000000000000000021e-02 -1.000000000000000021e-02 0.000000000000000000e+00 1.000000000000000021e-02 1.000000000000000021e-02 1.427731092436974691e+01 1.427731092436974691e+01 4.000000000000000222e-01 2.000000000000000111e-01 0.000000000000000000e+00 2.000000000000000111e-01 4.000000000000000222e-01 6.095078693493302113e-01 6.058168851763557905e-01 6.031558981125257901e-01 6.498556066337507486e-01 6.830512909123621634e-01
-1.000000000000000021e-02 -1.000000000000000021e-02 0.000000000000000000e+00 1.000000000000000021e-02 1.000000000000000021e-02 1.494117647058823550e+01 1.494117647058823550e+01 4.000000000000000222e-01 2.000000000000000111e-01 0.000000000000000000e+00 2.000000000000000111e-01 4.000000000000000222e-01 6.224791363288384449e-01 6.199321865916676000e-01 6.171783999923918795e-01 6.597424229351372960e-01 6.911230591054619010e-01
-1.000000000000000021e-02 -1.000000000000000021e-02 0.000000000000000000e+00 1.000000000000000021e-02 1.000000000000000021e-02 1.560504201680672232e+01 1.560504201680672232e+01 4.000000000000000222e-01 2.000000000000000111e-01 0.000000000000000000e+00 2.000000000000000111e-01 4.000000000000000222e-01 6.344729131193762584e-01 6.322601590941406835e-01 6.303874610415759472e-01 6.688489968469084612e-01 6.972554686449133898e-01
-1.000000000000000021e-02 -1.000000000000000021e-02 0.000000000000000000e+00 1.000000000000000021e-02 1.000000000000000021e-02 1.626890756302520913e+01 1.626890756302520913e+01 4.000000000000000222e-01 2.000000000000000111e-01 0.000000000000000000e+00 2.000000000000000111e-01 4.000000000000000222e-01 6.461272431041414910e-01 6.442669880726435983e-01 6.429942021034495969e-01 6.779624493544468278e-01 7.034434141099109583e-01
-1.000000000000000021e-02 -1.000000000000000021e-02 0.000000000000000000e+00 1.000000000000000021e-02 1.000000000000000021e-02 1.693277310924369772e+01 1.693277310924369772e+01 4.000000000000000222e-01 2.000000000000000111e-01 0.000000000000000000e+00 2.000000000000000111e-01 4.000000000000000222e-01 6.562768072140894304e-01 6.551127068977706802e-01 6.538412559526548540e-01 6.857399567680998453e-01 7.095812438221579255e-01
-1.000000000000000021e-02 -1.000000000000000021e-02 0.000000000000000000e+00 1.000000000000000021e-02 1.000000000000000021e-02 1.759663865546218275e+01 1.759663865546218275e+01 4.000000000000000222e-01 2.000000000000000111e-01 0.000000000000000000e+00 2.000000000000000111e-01 4.000000000000000222e-01 6.651704912517981683e-01 6.651628903626894962e-01 6.641560795824854591e-01 6.933979634782584389e-01 7.152170400408687234e-01
-1.000000000000000021e-02 -1.000000000000000021e-02 0.000000000000000000e+00 1.000000000000000021e-02 1.000000000000000021e-02 1.826050420168067134e+01 1.826050420168067134e+01 4.000000000000000222e-01 2.000000000000000111e-01 0.000000000000000000e+00 2.000000000000000111e-01 4.000000000000000222e-01 6.745344557940755603e-01 6.738110304240026993e-01 6.735973581256675669e-01 6.998490709495180928e-01 7.200096999801375297e-01
-1.000000000000000021e-02 -1.000000000000000021e-02 0.000000000000000000e+00 1.000000000000000021e-02 1.000000000000000021e-02 1.892436974789915993e+01 1.892436974789915993e+01 4.000000000000000222e-01 2.000000000000000111e-01 0.000000000000000000e+00 2.000000000000000111e-01 4.000000000000000222e-01 6.826951655924086149e-01 6.827030270299313530e-01 6.829354520164029330e-01 7.066185203423939187e-01 7.250127843097510238e-01
-1.000000000000000021e-02 -1.000000000000000021e-02 0.000000000000000000e+00 1.000000000000000021e-02 1.000000000000000021e-02 1.958823529411764497e+01 1.958823529411764497e+01 4.000000000000000222e-01 2.000000000000000111e-01 0.000000000000000000e+00 2.000000000000000111e-01 4.000000000000000222e-01 6.902636809795135164e-01 6.910986751774811365e-01 6.903097503933802725e-01 7.123596354097077032e-01 7.295427625841465202e-01
-1.000000000000000021e-02 -1.000000000000000021e-02 0.000000000000000000e+00 1.000000000000000021e-02 1.000000000000000021e-02 2.025210084033613356e+01 2.025210084033613356e+01 4.000000000000000222e-01 2.000000000000000111e-01 0.000000000000000000e+00 2.000000000000000111e-01 4.000000000000000222e-01 6.983183523509410850e-01 6.977744911164905917e-01 6.978603616919274444e-01 7.181779898363139791e-01 7.342270856189616612e-01
-1.000000000000000021e-02 -1.000000000000000021e-02 0.000000000000000000e+00 1.000000000000000021e-02 1.000000000000000021e-02 2.091596638655462215e+01 2.091596638655462215e+01 4.000000000000000222e-01 2.000000000000000111e-01 0.000000000000000000e+00 2.000000000000000111e-01 4.000000000000000222e-01 7.044368286663083012e-01 7.052552722691870501e-01 7.048144128327319402e-01 7.232642472656428678e-01 7.385288375254002169e-01
-1.000000000000000021e-02 -1.000000000000000021e-02 0.000000000000000000e+00 1.000000000000000021e-02 1.000000000000000021e-02 2.157983193277310718e+01 2.157983193277310718e+01 4.000000000000000222e-01 2.000000000000000111e-01 0.000000000000000000e+00 2.000000000000000111e-01 4.000000000000000222e-01 7.106412014933309873e-01 7.117176127729548663e-01 7.112120227586810062e-01 7.281538580918615056e-01 7.424940722900696954e-01
-1.000000000000000021e-02 -1.000000000000000021e-02 0.000000000000000000e+00 1.000000000000000021e-02 1.000000000000000021e-02 2.224369747899159577e+01 2.224369747899159577e+01 4.000000000000000222e-01 2.000000000000000111e-01 0.000000000000000000e+00 2.000000000000000111e-01 4.000000000000000222e-01 7.165649974743039108e-01 7.173810510034449583e-01 7.174280449300849405e-01 7.333759693215028408e-01 7.466694550202753744e-01
-1.000000000000000021e-02 -1.000000000000000021e-02 0.000000000000000000e+00 1.000000000000000021e-02 1.000000000000000021e-02 2.290756302521008436e+01 2.290756302521008436e+01 4.000000000000000222e-01 2.000000000000000111e-01 0.000000000000000000e+00 2.000000000000000111e-01 4.000000000000000222e-01 7.223614047436458518e-01 7.234257735813174328e-01 7.230886275403918262e-01 7.383528883864488579e-01 7.503603945979830936e-01
-1.000000000000000021e-02 -1.000000000000000021e-02 0.000000000000000000e+00 1.000000000000000021e-02 1.000000000000000021e-02 2.357142857142856940e+01 2.357142857142856940e+01 4.000000000000000222e-01 2.000000000000000111e-01 0.000000000000000000e+00 2.000000000000000111e-01 4.000000000000000222e-01 7.279708783233787006e-01 7.289413094488095268e-01 7.284735246249275376e-01 7.425122453268135914e-01 7.538236700115275024e-01
-1.000000000000000021e-02 -1.000000000000000021e-02 0.000000000000000000e+00 1.000000000000000021e-02 1.000000000000000021e-02 2.423529411764705799e+01 2.423529411764705799e+01 4.000000000000000222e-01 2.000000000000000111e-01 0.000000000000000000e+00 2.000000000000000111e-01 4.000000000000000222e-01 7.325098792177117124e-01 7.333170156019561681e-01 7.338072269579535289e-01 7.467079567029714093e-01 7.575655907772524955e-01
-1.000000000000000021e-02 -1.000000000000000021e-02 0.000000000000000000e+00 1.000000000000000021e-02 1.000000000000000021e-02 2.489915966386554658e+01 2.489915966386554658e+01 4.000000000000000222e-01 2.000000000000000111e-01 0.000000000000000000e+00 2.000000000000000111e-01 4.000000000000000222e-01 7.377037474284321439e-01 7.388619171635333327e-01 7.391172926026219336e-01 7.506303545577061032e-01 7.609482088281249723e-01
-1.000000000000000021e-02 -1.000000000000000021e-02 0.000000000000000000e+00 1.000000000000000021e-02 1.000000000000000021e-02 2.556302521008403161e+01 2.556302521008403161e+01 4.000000000000000222e-01 2.000000000000000111e-01 0.000000000000000000e+00 2.000000000000000111e-01 4.000000000000000222e-01 7.420144082524744444e-01 7.428132029805701864e-01 7.432666659908969686e-01 7.549699623561384465e-01 7.640027534163830181e-01
-1.000000000000000021e-02 -1.000000000000000021e-02 0.000000000000000000e+00 1.000000000000000021e-02 1.000000000000000021e-02 2.622689075630252020e+01 2.622689075630252020e+01 4.000000000000000222e-01 2.000000000000000111e-01 0.000000000000000000e+00 2.000000000000000111e-01 4.000000000000000222e-01 7.457975773782707929e-01 7.473377310788855699e-01 7.476389895035620015e-01 7.582030383275554231e-01 7.663882236779345769e-01
-1.000000000000000021e-02 -1.000000000000000021e-02 0.000000000000000000e+00 1.000000000000000021e-02 1.000000000000000021e-02 2.689075630252100879e+01 2.689075630252100879e+01 4.000000000000000222e-01 2.000000000000000111e-01 0.000000000000000000e+00 2.000000000000000111e-01 4.000000000000000222e-01 7.506368976299555573e-01 7.516805747795655135e-01 7.518517627673664272e-01 7.617928594531949704e-01 7.696302880682074354e-01
-1.000000000000000021e-02 -1.000000000000000021e-02 0.000000000000000000e+00 1.000000000000000021e-02 1.000000000000000021e-02 2.755462184873949383e+01 2.755462184873949383e+01 4.000000000000000222e-01 2.000000000000000111e-01 0.000000000000000000e+00 2.000000000000000111e-01 4.000000000000000222e-01 7.543886196919263876e-01 7.559076492257993385e-01 7.552468361339388370e-01 7.650290275957909447e-01 7.728624811155122565e-01
-1.000000000000000021e-02 -1.000000000000000021e-02 0.000000000000000000e+00 1.000000000000000021e-02 1.000000000000000021e-02 2.821848739495798242e+01 2.821848739495798242e+01 4.000000000000000222e-01 2.000000000000000111e-01 0.000000000000000000e+00 2.000000000000000111e-01 4.000000000000000222e-01 7.582116305597909056e-01 7.592619980755904718e-01 7.593069149117031014e-01 7.681602641105514939e-01 7.755789672945857527e-01
-1.000000000000000021e-02 -1.000000000000000021e-02 0.000000000000000000e+00 1.000000000000000021e-02 1.000000000000000021e-02 2.888235294117647101e+01 2.888235294117647101e+01 4.000000000000000222e-01 2.000000000000000111e-01 0.000000000000000000e+00 2.000000000000000111e-01 4.000000000000000222e-01 7.617457927237465398e-01 7.630603090395170485e-01 7.627027549232382464e-01 7.717153740930452477e-01 7.780910440791207749e-01
-1.000000000000000021e-02 -1.000000000000000021e-02 0.000000000000000000e+00 1.000000000000000021e-02 1.000000000000000021e-02 2.954621848739495604e+01 2.954621848739495604e+01 4.000000000000000222e-01 2.000000000000000111e-01 0.000000000000000000e+00 2.000000000000000111e-01 4.000000000000000222e-01 7.649176658487929492e-01 7.665528953909375165e-01 7.658201271070912419e-01 7.743137162515758565e-01 7.806267938310005317e-01
-1.000000000000000021e-02 -1.000000000000000021e-02 0.000000000000000000e+00 1.000000000000000021e-02 1.000000000000000021e-02 3.021008403361344463e+01 3.021008403361344463e+01 4.000000000000000222e-01 2.000000000000000111e-01 0.000000000000000000e+00 2.000000000000000111e-01 4.000000000000000222e-01 7.679331802796021123e-01 7.696829722706566290e-01 7.693479461299796984e-01 7.772013690084363935e-01 7.830928550026147184e-01
-1.000000000000000021e-02 -1.000000000000000021e-02 0.000000000000000000e+00 1.000000000000000021e-02 1.000000000000000021e-02 3.087394957983193322e+01 3.087394957983193322e+01 4.000000000000000222e-01 2.000000000000000111e-01 0.000000000000000000e+00 2.000000000000000111e-01 4.000000000000000222e-01 7.715471280195450587e-01 7.730439989938515666e-01 7.716301307978641333e-01 7.796819817352141913e-01 7.852589249981432040e-01
-1.000000000000000021e-02 -1.000000000000000021e-02 0.000000000000000000e+00 1.000000000000000021e-02 1.000000000000000021e-02 3.153781512605041826e+01 3.153781512605041826e+01 4.000000000000000222e-01 2.000000000000000111e-01 0.000000000000000000e+00 2.000000000000000111e-01 4.000000000000000222e-01 7.743039215860185731e-01 7.755957878325990817e-01 7.750724729434412819e-01 7.822892291708569701e-01 7.875427303278473845e-01
-1.000000000000000021e-02 -1.000000000000000021e-02 0.000000000000000000e+00 1.000000000000000021e-02 1.000000000000000021e-02 3.220168067226890685e+01 3.220168067226890685e+01 4.000000000000000222e-01 2.000000000000000111e-01 0.000000000000000000e+00 2.000000000000000111e-01 4.000000000000000222e-01 7.773101321069654235e-01 7.788178655836587305e-01 7.777849530024867342e-01 7.851582633222337071e-01 7.895447137850369890e-01
-1.000000000000000021e-02 -1.000000000000000021e-02 0.000000000000000000e+00 1.000000000000000021e-02 1.000000000000000021e-02 3.286554621848739544e+01 3.286554621848739544e+01 4.000000000000000222e-01 2.000000000000000111e-01 0.000000000000000000e+00 2.000000000000000111e-01 4.000000000000000222e-01 7.796579293206186145e-01 7.813620033005423959e-01 7.803961603879787656e-01 7.869851724448231334e-01 7.917921111924459687e-01
-1.000000000000000021e-02 -1.000000000000000021e-02 0.000000000000000000e+00 1.000000000000000021e-02 1.000000000000000021e-02 3.352941176470588402e+01 3.352941176470588402e+01 4.000000000000000222e-01 2.000000000000000111e-01 0.000000000000000000e+00 2.000000000000000111e-01 4.000000000000000222e-01 7.826323421165981564e-01 7.838365329610049725e-01 7.826906496391599077e-01 7.896942058363016770e-01 7.941053792467192007e-01
-1.000000000000000021e-02 -1.000000000000000021e-02 0.000000000000000000e+00 1.000000000000000021e-02 1.000000000000000021e-02 3.419327731092436551e+01 3.419327731092436551e+01 4.000000000000000222e-01 2.000000000000000111e-01 0.000000000000000000e+00 2.000000000000000111e-01 4.000000000000000222e-01 7.853039237209819001e-01 7.864788168622417475e-01 7.854415822837523820e-01 7.915485482255266714e-01 7.958906445613420644e-01
-1.000000000000000021e-02 -1.000000000000000021e-02 0.000000000000000000e+00 1.000000000000000021e-02 1.000000000000000021e-02 3.485714285714285410e+01 3.485714285714285410e+01 4.000000000000000222e-01 2.000000000000000111e-01 0.000000000000000000e+00 2.000000000000000111e-01 4.000000000000000222e-01 7.872650472522927378e-01 7.887590293215611670e-01 7.880543029503965791e-01 7.939103839401313589e-01 7.974030288815565637e-01
-1.000000000000000021e-02 -1.000000000000000021e-02 0.000000000000000000e+00 1.000000000000000021e-02 1.000000000000000021e-02 3.552100840336134269e+01 3.552100840336134269e+01 4.000000000000000222e-01 2.000000000000000111e-01 0.000000000000000000e+00 2.000000000000000111e-01 4.000000000000000222e-01 7.898168011111776909e-01 7.913421181405725369e-01 7.899230679735761429e-01 7.959391489088085692e-01 7.993769259337256683e-01
-1.000000000000000021e-02 -1.000000000000000021e-02 0.000000000000000000e+00 1.000000000000000021e-02 1.000000000000000021e-02 3.618487394957983128e+01 3.618487394957983128e+01 4.000000000000000222e-01 2.000000000000000111e-01 0.000000000000000000e+00 2.000000000000000111e-01 4.000000000000000222e-01 7.919395642372548672e-01 7.933479397365453822e-01 7.920880262957927798e-01 7.978444036446258325e-01 8.013294049173652622e-01
-1.000000000000000021e-02 -1.000000000000000021e-02 0.000000000000000000e+00 1.000000000000000021e-02 1.000000000000000021e-02 3.684873949579831987e+01 3.684873949579831987e+01 4.000000000000000222e-01 2.000000000000000111e-01 0.000000000000000000e+00 2.000000000000000111e-01 4.000000000000000222e-01 7.942243331779184068e-01 7.951269375380219939e-01 7.938295312637364542e-01 7.993541130896081315e-01 8.030393423844172096e-01
-1.000000000000000021e-02 -1.000000000000000021e-02 0.000000000000000000e+00 1.000000000000000021e-02 1.000000000000000021e-02 3.751260504201680845e+01 3.751260504201680845e+01 4.000000000000000222e-01 2.000000000000000111e-01 0.000000000000000000e+00 2.000000000000000111e-01 4.000000000000000222e-01 7.963131166486093759e-01 7.974490074197541079e-01 7.956269113873531973e-01 8.015489850111596759e-01 8.045516015783488184e-01
-1.000000000000000021e-02 -1.000000000000000021e-02 0.000000000000000000e+00 1.000000000000000021e-02 1.000000000000000021e-02 3.817647058823528994e+01 3.817647058823528994e+01 4.000000000000000222e-01 2.000000000000000111e-01 0.000000000000000000e+00 2.000000000000000111e-01 4.000000000000000222e-01 7.981505143542219072e-01 7.994546333463227183e-01 7.978342772293924856e-01 8.033614087157008310e-01 8.060626718616680231e-01
-1.000000000000000021e-02 -1.000000000000000021e-02 0.000000000000000000e+00 1.000000000000000021e-02 1.000000000000000021e-02 3.884033613445377853e+01 3.884033613445377853e+01 4.000000000000000222e-01 2.000000000000000111e-01 0.000000000000000000e+00 2.000000000000000111e-01 4.000000000000000222e-01 8.001208715490006895e-01 8.012559379854171659e-01 7.995943548610513485e-01 8.049147577118155317e-01 8.076147221635844309e-01
-1.000000000000000021e-02 -1.000000000000000021e-02 0.000000000000000000e+00 1.000000000000000021e-02 1.000000000000000021e-02 3.950420168067226712e+01 3.950420168067226712e+01 4.000000000000000222e-01 2.000000000000000111e-01 0.000000000000000000e+00 2.000000000000000111e-01 4.000000000000000222e-01 8.020234039240478063e-01 8.031963369438935851e-01 8.010571425068443441e-01 8.064724063657680020e-01 8.090706994152394582e-01
-1.000000000000000021e-02 -1.000000000000000021e-02 0.000000000000000000e+00 1.000000000000000021e-02 1.000000000000000021e-02 4.016806722689075571e+01 4.016806722689075571e+01 4.000000000000000222e-01 2.000000000000000111e-01 0.000000000000000000e+00 2.000000000000000111e-01 4.000000000000000222e-01 8.033721758758418652e-01 8.045244528848234378e-01 8.029517041382419063e-01 8.080572447193400398e-01 8.104593753038988879e-01
-1.000000000000000021e-02 -1.000000000000000021e-02 0.000000000000000000e+00 1.000000000000000021e-02 1.000000000000000021e-02 4.083193277310924429e+01 4.083193277310924429e+01 4.000000000000000222e-01 2.000000000000000111e-01 0.000000000000000000e+00 2.000000000000000111e-01 4.000000000000000222e-01 8.054799554462773736e-01 8.064377135509627204e-01 8.043786458139725593e-01 8.096812834326970743e-01 8.117405094550025346e-01
-1.000000000000000021e-02 -1.000000000000000021e-02 0.000000000000000000e+00 1.000000000000000021e-02 1.000000000000000021e-02 4.149579831932773288e+01 4.149579831932773288e+01 4.000000000000000222e-01 2.000000000000000111e-01 0.000000000000000000e+00 2.000000000000000111e-01 4.000000000000000222e-01 8.069240392781090732e-01 8.081047996456047766e-01 8.060571036843124926e-01 8.110073250741801631e-01 8.130731784888706182e-01
-1.000000000000000021e-02 -1.000000000000000021e-02 0.000000000000000000e+00 1.000000000000000021e-02 1.000000000000000021e-02 4.215966386554621437e+01 4.215966386554621437e+01 4.000000000000000222e-01 2.000000000000000111e-01 0.000000000000000000e+00 2.000000000000000111e-01 4.000000000000000222e-01 8.082699006226268246e-01 8.092297532666586912e-01 8.076533204412961187e-01 8.122869350080180739e-01 8.144192973866409835e-01
-1.000000000000000021e-02 -1.000000000000000021e-02 0.000000000000000000e+00 1.000000000000000021e-02 1.000000000000000021e-02 4.282352941176470296e+01 4.282352941176470296e+01 4.000000000000000222e-01 2.000000000000000111e-01 0.000000000000000000e+00 2.000000000000000111e-01 4.000000000000000222e-01 8.101976560889621037e-01 8.109748945988337621e-01 8.089223501349436241e-01 8.134714520630336176e-01 8.154258367899028803e-01
-1.000000000000000021e-02 -1.000000000000000021e-02 0.000000000000000000e+00 1.000000000000000021e-02 1.000000000000000021e-02 4.348739495798319155e+01 4.348739495798319155e+01 4.000000000000000222e-01 2.000000000000000111e-01 0.000000000000000000e+00 2.000000000000000111e-01 4.000000000000000222e-01 8.114674831522468157e-01 8.123516482627103352e-01 8.103077042499721161e-01 8.146457409365790436e-01 8.165526970819443342e-01
-1.000000000000000021e-02 -1.000000000000000021e-02 0.000000000000000000e+00 1.000000000000000021e-02 1.000000000000000021e-02 4.415126050420168013e+01 4.415126050420168013e+01 4.000000000000000222e-01 2.000000000000000111e-01 0.000000000000000000e+00 2.000000000000000111e-01 4.000000000000000222e-01 8.125293454609583410e-01 8.138018442881833625e-01 8.114808351959041932e-01 8.160841277057928611e-01 8.179501304129084271e-01
-1.000000000000000021e-02 -1.000000000000000021e-02 0.000000000000000000e+00 1.000000000000000021e-02 1.000000000000000021e-02 4.481512605042016872e+01 4.481512605042016872e+01 4.000000000000000222e-01 2.000000000000000111e-01 0.000000000000000000e+00 2.000000000000000111e-01 4.000000000000000222e-01 8.140764969316345301e-01 8.150428825097729701e-01 8.128266361721119271e-01 8.173234536979847586e-01 8.190753282532192703e-01
-1.000000000000000021e-02 -1.000000000000000021e-02 0.000000000000000000e+00 1.000000000000000021e-02 1.000000000000000021e-02 4.547899159663865021e+01 4.547899159663865021e+01 4.000000000000000222e-01 2.000000000000000111e-01 0.000000000000000000e+00 2.000000000000000111e-01 4.000000000000000222e-01 8.151773609349833860e-01 8.162836659367153080e-01 8.140538000984355316e-01 8.184363236924671048e-01 8.198151626046795704e-01
-1.000000000000000021e-02 -1.000000000000000021e-02 0.000000000000000000e+00 1.000000000000000021e-02 1.000000000000000021e-02 4.614285714285713880e+01 4.614285714285713880e+01 4.000000000000000222e-01 2.000000000000000111e-01 0.000000000000000000e+00 2.000000000000000111e-01 4.000000000000000222e-01 8.164299277817932410e-01 8.174657292789749841e-01 8.150013307039032373e-01 8.196009730891582468e-01 8.209524978242976889e-01
-1.000000000000000021e-02 -1.000000000000000021e-02 0.000000000000000000e+00 1.000000000000000021e-02 1.000000000000000021e-02 4.680672268907562739e+01 4.680672268907562739e+01 4.000000000000000222e-01 2.000000000000000111e-01 0.000000000000000000e+00 2.000000000000000111e-01 4.000000000000000222e-01 8.178490159957564343e-01 8.186074851402750374e-01 8.161188226230065013e-01 8.207199363713969520e-01 8.219205946431242804e-01
-1.000000000000000021e-02 -1.000000000000000021e-02 0.000000000000000000e+00 1.000000000000000021e-02 1.000000000000000021e-02 4.747058823529411598e+01 4.747058823529411598e+01 4.000000000000000222e-01 2.000000000000000111e-01 0.000000000000000000e+00 2.000000000000000111e-01 4.000000000000000222e-01 8.187578755626195859e-01 8.195461100137548804e-01 8.172515144597461978e-01 8.215268216835270865e-01 8.229009560973264970e-01
-1.000000000000000021e-02 -1.000000000000000021e-02 0.000000000000000000e+00 1.000000000000000021e-02 1.000000000000000021e-02 4.813445378151260456e+01 4.813445378151260456e+01 4.000000000000000222e-01 2.000000000000000111e-01 0.000000000000000000e+00 2.000000000000000111e-01 4.000000000000000222e-01 8.199426754794463257e-01 8.206863615551664992e-01 8.181907912635073554e-01 8.224037605150049668e-01 8.239127462683001335e-01
-1.000000000000000021e-02 -1.000000000000000021e-02 0.000000000000000000e+00 1.000000000000000021e-02 1.000000000000000021e-02 4.879831932773109315e+01 4.879831932773109315e+01 4.000000000000000222e-01 2.000000000000000111e-01 0.000000000000000000e+00 2.000000000000000111e-01 4.000000000000000222e-01 8.211244513188650229e-01 8.216556802234119550e-01 8.190702309106573376e-01 8.235063994289799627e-01 8.245410117462855792e-01
-1.000000000000000021e-02 -1.000000000000000021e-02 0.000000000000000000e+00 1.000000000000000021e-02 1.000000000000000021e-02 4.946218487394957464e+01 4.946218487394957464e+01 4.000000000000000222e-01 2.000000000000000111e-01 0.000000000000000000e+00 2.000000000000000111e-01 4.000000000000000222e-01 8.218787422418368793e-01 8.225694002288921336e-01 8.199361818957858761e-01 8.241992461348172094e-01 8.252923411102200957e-01
-1.000000000000000021e-02 -1.000000000000000021e-02 0.000000000000000000e+00 1.000000000000000021e-02 1.000000000000000021e-02 5.012605042016806323e+01 5.012605042016806323e+01 4.000000000000000222e-01 2.000000000000000111e-01 0.000000000000000000e+00 2.000000000000000111e-01 4.000000000000000222e-01 8.226705181858439131e-01 8.236499596811274193e-01 8.208233419923383067e-01 8.253261346332788628e-01 8.261170840244621560e-01
-1.000000000000000021e-02 -1.000000000000000021e-02 0.000000000000000000e+00 1.000000000000000021e-02 1.000000000000000021e-02 5.078991596638655182e+01 5.078991596638655182e+01 4.000000000000000222e-01 2.000000000000000111e-01 0.000000000000000000e+00 2.000000000000000111e-01 4.000000000000000222e-01 8.236829557905406274e-01 8.245089680526276332e-01 8.218893891014226183e-01 8.260476216611550848e-01 8.269758308302800343e-01
-1.000000000000000021e-02 -1.000000000000000021e-02 0.000000000000000000e+00 1.000000000000000021e-02 1.000000000000000021e-02 5.145378151260504040e+01 5.145378151260504040e+01 4.000000000000000222e-01 2.000000000000000111e-01 0.000000000000000000e+00 2.000000000000000111e-01 4.000000000000000222e-01 8.246358965269784402e-01 8.254566819059527827e-01 8.225637807667007806e-01 8.268065307941542263e-01 8.277157975199410656e-01
-1.000000000000000021e-02 -1.000000000000000021e-02 0.000000000000000000e+00 1.000000000000000021e-02 1.000000000000000021e-02 5.211764705882352899e+01 5.211764705882352899e+01 4.000000000000000222e-01 2.000000000000000111e-01 0.000000000000000000e+00 2.000000000000000111e-01 4.000000000000000222e-01 8.256115502874061818e-01 8.261839644398525362e-01 8.232778693685520732e-01 8.275525885239527479e-01 8.286060994719287587e-01
-1.000000000000000021e-02 -1.000000000000000021e-02 0.000000000000000000e+00 1.000000000000000021e-02 1.000000000000000021e-02 5.278151260504201758e+01 5.278151260504201758e+01 4.000000000000000222e-01 2.000000000000000111e-01 0.000000000000000000e+00 2.000000000000000111e-01 4.000000000000000222e-01 8.265065696448604671e-01 8.270410744329217412e-01 8.241260649110753178e-01 8.284353468992076142e-01 8.293033807071473751e-01
-1.000000000000000021e-02 -1.000000000000000021e-02 0.000000000000000000e+00 1.000000000000000021e-02 1.000000000000000021e-02 5.344537815126049907e+01 5.344537815126049907e+01 4.000000000000000222e-01 2.000000000000000111e-01 0.000000000000000000e+00 2.000000000000000111e-01 4.000000000000000222e-01 8.271489992487996989e-01 8.277625282171467980e-01 8.251744552262236798e-01 8.290405032631821269e-01 8.297899617724977528e-01
-1.000000000000000021e-02 -1.000000000000000021e-02 0.000000000000000000e+00 1.000000000000000021e-02 1.000000000000000021e-02 5.410924369747898766e+01 5.410924369747898766e+01 4.000000000000000222e-01 2.000000000000000111e-01 0.000000000000000000e+00 2.000000000000000111e-01 4.000000000000000222e-01 8.278344199501294076e-01 8.284091187931933442e-01 8.256339067786874208e-01 8.297228863477199567e-01 8.303946044965526685e-01
-1.000000000000000021e-02 -1.000000000000000021e-02 0.000000000000000000e+00 1.000000000000000021e-02 1.000000000000000021e-02 5.477310924369747624e+01 5.477310924369747624e+01 4.000000000000000222e-01 2.000000000000000111e-01 0.000000000000000000e+00 2.000000000000000111e-01 4.000000000000000222e-01 8.285457716873492195e-01 8.291318328018223438e-01 8.262804428156308445e-01 8.303848064862940914e-01 8.310914204082584522e-01
-1.000000000000000021e-02 -1.000000000000000021e-02 0.000000000000000000e+00 1.000000000000000021e-02 1.000000000000000021e-02 5.543697478991596483e+01 5.543697478991596483e+01 4.000000000000000222e-01 2.000000000000000111e-01 0.000000000000000000e+00 2.000000000000000111e-01 4.000000000000000222e-01 8.292604138460989427e-01 8.297865331106775155e-01 8.268379733425316180e-01 8.309310349519207772e-01 8.316530991921392557e-01
-1.000000000000000021e-02 -1.000000000000000021e-02 0.000000000000000000e+00 1.000000000000000021e-02 1.000000000000000021e-02 5.610084033613445342e+01 5.610084033613445342e+01 4.000000000000000222e-01 2.000000000000000111e-01 0.000000000000000000e+00 2.000000000000000111e-01 4.000000000000000222e-01 8.299144724516364091e-01 8.306043141370120786e-01 8.275067428144424753e-01 8.315589724738194910e-01 8.323016728974352851e-01
-1.000000000000000021e-02 -1.000000000000000021e-02 0.000000000000000000e+00 1.000000000000000021e-02 1.000000000000000021e-02 5.676470588235294201e+01 5.676470588235294201e+01 4.000000000000000222e-01 2.000000000000000111e-01 0.000000000000000000e+00 2.000000000000000111e-01 4.000000000000000222e-01 8.308033988314756924e-01 8.311797759754770976e-01 8.281467974441549806e-01 8.323489080097964399e-01 8.326162807160272239e-01
-1.000000000000000021e-02 -1.000000000000000021e-02 0.000000000000000000e+00 1.000000000000000021e-02 1.000000000000000021e-02 5.742857142857142350e+01 5.742857142857142350e+01 4.000000000000000222e-01 2.000000000000000111e-01 0.000000000000000000e+00 2.000000000000000111e-01 4.000000000000000222e-01 8.313753343197389789e-01 8.317525017737820159e-01 8.286446483488864034e-01 8.327263694196697097e-01 8.332366604125182041e-01
-1.000000000000000021e-02 -1.000000000000000021e-02 0.000000000000000000e+00 1.000000000000000021e-02 1.000000000000000021e-02 5.809243697478991209e+01 5.809243697478991209e+01 4.000000000000000222e-01 2.000000000000000111e-01 0.000000000000000000e+00 2.000000000000000111e-01 4.000000000000000222e-01 8.319161932969589834e-01 8.323727084233878415e-01 8.290628925210072886e-01 8.333858312772963739e-01 8.336597191053241040e-01
-1.000000000000000021e-02 -1.000000000000000021e-02 0.000000000000000000e+00 1.000000000000000021e-02 1.000000000000000021e-02 5.875630252100840067e+01 5.875630252100840067e+01 4.000000000000000222e-01 2.000000000000000111e-01 0.000000000000000000e+00 2.000000000000000111e-01 4.000000000000000222e-01 8.323193467248023447e-01 8.328960120939080669e-01 8.295920926091077119e-01 8.337470688849974998e-01 8.343079000713164994e-01
-1.000000000000000021e-02 -1.000000000000000021e-02 0.000000000000000000e+00 1.000000000000000021e-02 1.000000000000000021e-02 5.942016806722688926e+01 5.942016806722688926e+01 4.000000000000000222e-01 2.000000000000000111e-01 0.000000000000000000e+00 2.000000000000000111e-01 4.000000000000000222e-01 8.327978986561674901e-01 8.334628341303194077e-01 8.301489985787555703e-01 8.341481547371613070e-01 8.346226219904070431e-01
-1.000000000000000021e-02 -1.000000000000000021e-02 0.000000000000000000e+00 1.000000000000000021e-02 1.000000000000000021e-02 6.008403361344537785e+01 6.008403361344537785e+01 4.000000000000000222e-01 2.000000000000000111e-01 0.000000000000000000e+00 2.000000000000000111e-01 4.000000000000000222e-01 8.334633697812529052e-01 8.338523011068534885e-01 8.306325585145261092e-01 8.346150910181051596e-01 8.351841145069789363e-01
-1.000000000000000021e-02 -1.000000000000000021e-02 0.000000000000000000e+00 1.000000000000000021e-02 1.000000000000000021e-02 6.074789915966386644e+01 6.074789915966386644e+01 4.000000000000000222e-01 2.000000000000000111e-01 0.000000000000000000e+00 2.000000000000000111e-01 4.000000000000000222e-01 8.339251220394123809e-01 8.343987474319159992e-01 8.312066038464952511e-01 8.352093970266353251e-01 8.356381063291073996e-01
-1.000000000000000021e-02 -1.000000000000000021e-02 0.000000000000000000e+00 1.000000000000000021e-02 1.000000000000000021e-02 6.141176470588234793e+01 6.141176470588234793e+01 4.000000000000000222e-01 2.000000000000000111e-01 0.000000000000000000e+00 2.000000000000000111e-01 4.000000000000000222e-01 8.344256666634086717e-01 8.348735321335347681e-01 8.315861322476141293e-01 8.356131407216998985e-01 8.359812278086224957e-01
-1.000000000000000021e-02 -1.000000000000000021e-02 0.000000000000000000e+00 1.000000000000000021e-02 1.000000000000000021e-02 6.207563025210083651e+01 6.207563025210083651e+01 4.000000000000000222e-01 2.000000000000000111e-01 0.000000000000000000e+00 2.000000000000000111e-01 4.000000000000000222e-01 8.348912780091625185e-01 8.353114326850238358e-01 8.320004325314336313e-01 8.360139684448877340e-01 8.364129585054712601e-01
-1.000000000000000021e-02 -1.000000000000000021e-02 0.000000000000000000e+00 1.000000000000000021e-02 1.000000000000000021e-02 6.273949579831932510e+01 6.273949579831932510e+01 4.000000000000000222e-01 2.000000000000000111e-01 0.000000000000000000e+00 2.000000000000000111e-01 4.000000000000000222e-01 8.353933229918051317e-01 8.357434094391522628e-01 8.324340041348090580e-01 8.364348937078892599e-01 8.367842476459789181e-01
-1.000000000000000021e-02 -1.000000000000000021e-02 0.000000000000000000e+00 1.000000000000000021e-02 1.000000000000000021e-02 6.340336134453781369e+01 6.340336134453781369e+01 4.000000000000000222e-01 2.000000000000000111e-01 0.000000000000000000e+00 2.000000000000000111e-01 4.000000000000000222e-01 8.356021173276627634e-01 8.361497760603197049e-01 8.327043887177806303e-01 8.368354500205241742e-01 8.371663486280364053e-01
-1.000000000000000021e-02 -1.000000000000000021e-02 0.000000000000000000e+00 1.000000000000000021e-02 1.000000000000000021e-02 6.406722689075630228e+01 6.406722689075630228e+01 4.000000000000000222e-01 2.000000000000000111e-01 0.000000000000000000e+00 2.000000000000000111e-01 4.000000000000000222e-01 8.361774944279223298e-01 8.365175948665555250e-01 8.330523903281141784e-01 8.371403696928458871e-01 8.374435384210945355e-01
-1.000000000000000021e-02 -1.000000000000000021e-02 0.000000000000000000e+00 1.000000000000000021e-02 1.000000000000000021e-02 6.473109243697479087e+01 6.473109243697479087e+01 4.000000000000000222e-01 2.000000000000000111e-01 0.000000000000000000e+00 2.000000000000000111e-01 4.000000000000000222e-01 8.366049220028759503e-01 8.369574848611051054e-01 8.334587499674711575e-01 8.375431425302843902e-01 8.378829684692904456e-01
-1.000000000000000021e-02 -1.000000000000000021e-02 0.000000000000000000e+00 1.000000000000000021e-02 1.000000000000000021e-02 6.539495798319327946e+01 6.539495798319327946e+01 4.000000000000000222e-01 2.000000000000000111e-01 0.000000000000000000e+00 2.000000000000000111e-01 4.000000000000000222e-01 8.369556581879924462e-01 8.372482307849402616e-01 8.338638756976781696e-01 8.378733155147989331e-01 8.381822913371875794e-01
-1.000000000000000021e-02 -1.000000000000000021e-02 0.000000000000000000e+00 1.000000000000000021e-02 1.000000000000000021e-02 6.605882352941176805e+01 6.605882352941176805e+01 4.000000000000000222e-01 2.000000000000000111e-01 0.000000000000000000e+00 2.000000000000000111e-01 4.000000000000000222e-01 8.372679510948106696e-01 8.376105353342884197e-01 8.341084770449626040e-01 8.381456305035237531e-01 8.385299591866379743e-01
-1.000000000000000021e-02 -1.000000000000000021e-02 0.000000000000000000e+00 1.000000000000000021e-02 1.000000000000000021e-02 6.672268907563024243e+01 6.672268907563024243e+01 4.000000000000000222e-01 2.000000000000000111e-01 0.000000000000000000e+00 2.000000000000000111e-01 4.000000000000000222e-01 8.375725924232841901e-01 8.379229985452473217e-01 8.344273233557032432e-01 8.384849184441370840e-01 8.387160715939356859e-01
-1.000000000000000021e-02 -1.000000000000000021e-02 0.000000000000000000e+00 1.000000000000000021e-02 1.000000000000000021e-02 6.738655462184873102e+01 6.738655462184873102e+01 4.000000000000000222e-01 2.000000000000000111e-01 0.000000000000000000e+00 2.000000000000000111e-01 4.000000000000000222e-01 8.379842642612375103e-01 8.383806687063500851e-01 8.346898900871411175e-01 8.387309499609616470e-01 8.390087129723712289e-01
-1.000000000000000021e-02 -1.000000000000000021e-02 0.000000000000000000e+00 1.000000000000000021e-02 1.000000000000000021e-02 6.805042016806721961e+01 6.805042016806721961e+01 4.000000000000000222e-01 2.000000000000000111e-01 0.000000000000000000e+00 2.000000000000000111e-01 4.000000000000000222e-01 8.382265450743731083e-01 8.386057620965043924e-01 8.350647624851306183e-01 8.390879141630828153e-01 8.393135507303975951e-01
-1.000000000000000021e-02 -1.000000000000000021e-02 0.000000000000000000e+00 1.000000000000000021e-02 1.000000000000000021e-02 6.871428571428570820e+01 6.871428571428570820e+01 4.000000000000000222e-01 2.000000000000000111e-01 0.000000000000000000e+00 2.000000000000000111e-01 4.000000000000000222e-01 8.386812123095421789e-01 8.389541694455195930e-01 8.352650951203571816e-01 8.393664504529284587e-01 8.395572199088626730e-01
-1.000000000000000021e-02 -1.000000000000000021e-02 0.000000000000000000e+00 1.000000000000000021e-02 1.000000000000000021e-02 6.937815126050419678e+01 6.937815126050419678e+01 4.000000000000000222e-01 2.000000000000000111e-01 0.000000000000000000e+00 2.000000000000000111e-01 4.000000000000000222e-01 8.388275243113463286e-01 8.392500473221509161e-01 8.356303735496901641e-01 8.396526166936144620e-01 8.397224300438292932e-01
-1.000000000000000021e-02 -1.000000000000000021e-02 0.000000000000000000e+00 1.000000000000000021e-02 1.000000000000000021e-02 7.004201680672268537e+01 7.004201680672268537e+01 4.000000000000000222e-01 2.000000000000000111e-01 0.000000000000000000e+00 2.000000000000000111e-01 4.000000000000000222e-01 8.391930546153116843e-01 8.394626904991265848e-01 8.358161993308141913e-01 8.398571129830380011e-01 8.399315880104082366e-01
-1.000000000000000021e-02 -1.000000000000000021e-02 0.000000000000000000e+00 1.000000000000000021e-02 1.000000000000000021e-02 7.070588235294117396e+01 7.070588235294117396e+01 4.000000000000000222e-01 2.000000000000000111e-01 0.000000000000000000e+00 2.000000000000000111e-01 4.000000000000000222e-01 8.394307739677308033e-01 8.397619226249473101e-01 8.360607145785928784e-01 8.400557922934814847e-01 8.402320319272177374e-01
-1.000000000000000021e-02 -1.000000000000000021e-02 0.000000000000000000e+00 1.000000000000000021e-02 1.000000000000000021e-02 7.136974789915966255e+01 7.136974789915966255e+01 4.000000000000000222e-01 2.000000000000000111e-01 0.000000000000000000e+00 2.000000000000000111e-01 4.000000000000000222e-01 8.397062542751370096e-01 8.399091345722136115e-01 8.363001836667832700e-01 8.403151670331271417e-01 8.404406432228239687e-01
-1.000000000000000021e-02 -1.000000000000000021e-02 0.000000000000000000e+00 1.000000000000000021e-02 1.000000000000000021e-02 7.203361344537815114e+01 7.203361344537815114e+01 4.000000000000000222e-01 2.000000000000000111e-01 0.000000000000000000e+00 2.000000000000000111e-01 4.000000000000000222e-01 8.399233698255821334e-01 8.402351299286227038e-01 8.365060182149905987e-01 8.405516858318453632e-01 8.406325879017314540e-01
-1.000000000000000021e-02 -1.000000000000000021e-02 0.000000000000000000e+00 1.000000000000000021e-02 1.000000000000000021e-02 7.269747899159663973e+01 7.269747899159663973e+01 4.000000000000000222e-01 2.000000000000000111e-01 0.000000000000000000e+00 2.000000000000000111e-01 4.000000000000000222e-01 8.401696948561037104e-01 8.403750562240503985e-01 8.366910064528023661e-01 8.407134252504856464e-01 8.408196708776985995e-01
-1.000000000000000021e-02 -1.000000000000000021e-02 0.000000000000000000e+00 1.000000000000000021e-02 1.000000000000000021e-02 7.336134453781512832e+01 7.336134453781512832e+01 4.000000000000000222e-01 2.000000000000000111e-01 0.000000000000000000e+00 2.000000000000000111e-01 4.000000000000000222e-01 8.403270189701179671e-01 8.405332273504860785e-01 8.368812681346935456e-01 8.409204350597843103e-01 8.410773417930479390e-01
-1.000000000000000021e-02 -1.000000000000000021e-02 0.000000000000000000e+00 1.000000000000000021e-02 1.000000000000000021e-02 7.402521008403361691e+01 7.402521008403361691e+01 4.000000000000000222e-01 2.000000000000000111e-01 0.000000000000000000e+00 2.000000000000000111e-01 4.000000000000000222e-01 8.405580439300285311e-01 8.408676340747684996e-01 8.371525204659530095e-01 8.411535202746642792e-01 8.412298543732975586e-01
-1.000000000000000021e-02 -1.000000000000000021e-02 0.000000000000000000e+00 1.000000000000000021e-02 1.000000000000000021e-02 7.468907563025209129e+01 7.468907563025209129e+01 4.000000000000000222e-01 2.000000000000000111e-01 0.000000000000000000e+00 2.000000000000000111e-01 4.000000000000000222e-01 8.407935080865923672e-01 8.409925691810112847e-01 8.372013585733361074e-01 8.413104425874071701e-01 8.414671877004867850e-01
-1.000000000000000021e-02 -1.000000000000000021e-02 0.000000000000000000e+00 1.000000000000000021e-02 1.000000000000000021e-02 7.535294117647057988e+01 7.535294117647057988e+01 4.000000000000000222e-01 2.000000000000000111e-01 0.000000000000000000e+00 2.000000000000000111e-01 4.000000000000000222e-01 8.409574420046447285e-01 8.411961136666994410e-01 8.373860498825402843e-01 8.414666342543978272e-01 8.415270587030032612e-01
-1.000000000000000021e-02 -1.000000000000000021e-02 0.000000000000000000e+00 1.000000000000000021e-02 1.000000000000000021e-02 7.601680672268906847e+01 7.601680672268906847e+01 4.000000000000000222e-01 2.000000000000000111e-01 0.000000000000000000e+00 2.000000000000000111e-01 4.000000000000000222e-01 8.412666410048080801e-01 8.413320615405809333e-01 8.375193587900001679e-01 8.416022549019045451e-01 8.417196027281279580e-01
-1.000000000000000021e-02 -1.000000000000000021e-02 0.000000000000000000e+00 1.000000000000000021e-02 1.000000000000000021e-02 7.668067226890755705e+01 7.668067226890755705e+01 4.000000000000000222e-01 2.000000000000000111e-01 0.000000000000000000e+00 2.000000000000000111e-01 4.000000000000000222e-01 8.413961337464080925e-01 8.416120026310769386e-01 8.377410365782929080e-01 8.418613763970097530e-01 8.418979950842120363e-01
-1.000000000000000021e-02 -1.000000000000000021e-02 0.000000000000000000e+00 1.000000000000000021e-02 1.000000000000000021e-02 7.734453781512604564e+01 7.734453781512604564e+01 4.000000000000000222e-01 2.000000000000000111e-01 0.000000000000000000e+00 2.000000000000000111e-01 4.000000000000000222e-01 8.415434710760311132e-01 8.417286781710561216e-01 8.379193291429332113e-01 8.419487949937932703e-01 8.420397656479150506e-01
-1.000000000000000021e-02 -1.000000000000000021e-02 0.000000000000000000e+00 1.000000000000000021e-02 1.000000000000000021e-02 7.800840336134453423e+01 7.800840336134453423e+01 4.000000000000000222e-01 2.000000000000000111e-01 0.000000000000000000e+00 2.000000000000000111e-01 4.000000000000000222e-01 8.416425277496829560e-01 8.418793939884919864e-01 8.380422576429388259e-01 8.420645653953681142e-01 8.421213140339892655e-01
-1.000000000000000021e-02 -1.000000000000000021e-02 0.000000000000000000e+00 1.000000000000000021e-02 1.000000000000000021e-02 7.867226890756302282e+01 7.867226890756302282e+01 4.000000000000000222e-01 2.000000000000000111e-01 0.000000000000000000e+00 2.000000000000000111e-01 4.000000000000000222e-01 8.418618705223014365e-01 8.419592528705394097e-01 8.381461599369763871e-01 8.421210541584830400e-01 8.423777152393485679e-01
-1.000000000000000021e-02 -1.000000000000000021e-02 0.000000000000000000e+00 1.000000000000000021e-02 1.000000000000000021e-02 7.933613445378151141e+01 7.933613445378151141e+01 4.000000000000000222e-01 2.000000000000000111e-01 0.000000000000000000e+00 2.000000000000000111e-01 4.000000000000000222e-01 8.420289834974038490e-01 8.421541233464664433e-01 8.383233862877008669e-01 8.423464754988683190e-01 8.424447972767711290e-01
-1.000000000000000021e-02 -1.000000000000000021e-02 0.000000000000000000e+00 1.000000000000000021e-02 1.000000000000000021e-02 8.000000000000000000e+01 8.000000000000000000e+01 4.000000000000000222e-01 2.000000000000000111e-01 0.000000000000000000e+00 2.000000000000000111e-01 4.000000000000000222e-01 8.422987664152357112e-01 8.423221660235518105e-01 8.385803214924960614e-01 8.424655859221080734e-01 8.425373855100791731e-01
