-1.000000000000000021e-02 -1.000000000000000021e-02 0.000000000000000000e+00 1.000000000000000021e-02 1.000000000000000021e-02 1.000000000000000000e+00 1.000000000000000000e+00 4.000000000000000222e-01 2.000000000000000111e-01 0.000000000000000000e+00 2.000000000000000111e-01 4.000000000000000222e-01 4.833077109649617231e-01 4.867237174231678343e-01 4.908137500829218847e-01 4.945347990060825483e-01 4.986207060695955762e-01
-1.000000000000000021e-02 -1.000000000000000021e-02 0.000000000000000000e+00 1.000000000000000021e-02 1.000000000000000021e-02 1.663865546218487257e+00 1.663865546218487257e+00 4.000000000000000222e-01 2.000000000000000111e-01 0.000000000000000000e+00 2.000000000000000111e-01 4.000000000000000222e-01 4.745162218407383836e-01 4.785726311938975353e-01 4.837802601535718949e-01 4.914323091669771104e-01 4.995055981931845190e-01
-1.000000000000000021e-02 -1.000000000000000021e-02 0.000000000000000000e+00 1.000000000000000021e-02 1.000000000000000021e-02 2.327731092436974514e+00 2.327731092436974514e+00 4.000000000000000222e-01 2.000000000000000111e-01 0.000000000000000000e+00 2.000000000000000111e-01 4.000000000000000222e-01 4.684702581233542440e-01 4.721440021049161384e-01 4.772850476399776998e-01 4.894181871861409405e-01 5.019717163925144776e-01
-1.000000000000000021e-02 -1.000000000000000021e-02 0.000000000000000000e+00 1.000000000000000021e-02 1.000000000000000021e-02 2.991596638655462215e+00 2.991596638655462215e+00 4.000000000000000222e-01 2.000000000000000111e-01 0.000000000000000000e+00 2.000000000000000111e-01 4.000000000000000222e-01 4.658167504562743533e-01 4.684289016978351317e-01 4.720256867856765237e-01 4.896828147550936761e-01 5.068774295497400217e-01
-1.000000000000000021e-02 -1.000000000000000021e-02 0.000000000000000000e+00 1.000000000000000021e-02 1.000000000000000021e-02 3.655462184873949472e+00 3.655462184873949472e+00 4.000000000000000222e-01 2.000000000000000111e-01 0.000000000000000000e+00 2.000000000000000111e-01 4.000000000000000222e-01 4.662180244592439293e-01 4.663719252340066124e-01 4.689374872043395870e-01 4.912325226090439867e-01 5.138429859421452806e-01
-1.000000000000000021e-02 -1.000000000000000021e-02 0.000000000000000000e+00 1.000000000000000021e-02 1.000000000000000021e-02 4.319327731092436728e+00 4.319327731092436728e+00 4.000000000000000222e-01 2.000000000000000111e-01 0.000000000000000000e+00 2.000000000000000111e-01 4.000000000000000222e-01 4.695588871133669073e-01 4.684259095740839207e-01 4.680223201869002647e-01 4.962417830806736818e-01 5.229229853943685447e-01
-1.000000000000000021e-02 -1.000000000000000021e-02 0.000000000000000000e+00 1.000000000000000021e-02 1.000000000000000021e-02 4.983193277310924429e+00 4.983193277310924429e+00 4.000000000000000222e-01 2.000000000000000111e-01 0.000000000000000000e+00 2.000000000000000111e-01 4.000000000000000222e-01 4.755426679803091417e-01 4.722532024139008411e-01 4.699830345988999514e-01 5.023970916472110249e-01 5.333965695411648777e-01
-1.000000000000000021e-02 -1.000000000000000021e-02 0.000000000000000000e+00 1.000000000000000021e-02 1.000000000000000021e-02 5.647058823529411242e+00 5.647058823529411242e+00 4.000000000000000222e-01 2.000000000000000111e-01 0.000000000000000000e+00 2.000000000000000111e-01 4.000000000000000222e-01 4.842515323916624648e-01 4.789183999026037086e-01 4.741101101741884150e-01 5.107518002861648476e-01 5.449570523672978561e-01
-1.000000000000000021e-02 -1.000000000000000021e-02 0.000000000000000000e+00 1.000000000000000021e-02 1.000000000000000021e-02 6.310924369747898943e+00 6.310924369747898943e+00 4.000000000000000222e-01 2.000000000000000111e-01 0.000000000000000000e+00 2.000000000000000111e-01 4.000000000000000222e-01 4.951887044903856561e-01 4.883765215676224014e-01 4.811452792658476030e-01 5.214655617483344718e-01 5.579739187572675396e-01
-1.000000000000000021e-02 -1.000000000000000021e-02 0.000000000000000000e+00 1.000000000000000021e-02 1.000000000000000021e-02 6.974789915966386644e+00 6.974789915966386644e+00 4.000000000000000222e-01 2.000000000000000111e-01 0.000000000000000000e+00 2.000000000000000111e-01 4.000000000000000222e-01 5.077381793600533877e-01 4.990365602131205391e-01 4.900957438886220374e-01 5.325511242245631882e-01 5.708266707719027444e-01
-1.000000000000000021e-02 -1.000000000000000021e-02 0.000000000000000000e+00 1.000000000000000021e-02 1.000000000000000021e-02 7.638655462184873457e+00 7.638655462184873457e+00 4.000000000000000222e-01 2.000000000000000111e-01 0.000000000000000000e+00 2.000000000000000111e-01 4.000000000000000222e-01 5.215707830101863340e-01 5.124151974950573729e-01 5.011041113909667777e-01 5.457373023573108828e-01 5.842525499797261990e-01
-1.000000000000000021e-02 -1.000000000000000021e-02 0.000000000000000000e+00 1.000000000000000021e-02 1.000000000000000021e-02 8.302521008403360270e+00 8.302521008403360270e+00 4.000000000000000222e-01 2.000000000000000111e-01 0.000000000000000000e+00 2.000000000000000111e-01 4.000000000000000222e-01 5.360744627003523055e-01 5.256285914854437191e-01 5.136565181067302976e-01 5.585337354448836056e-01 5.968704881884109303e-01
-1.000000000000000021e-02 -1.000000000000000021e-02 0.000000000000000000e+00 1.000000000000000021e-02 1.000000000000000021e-02 8.966386554621848859e+00 8.966386554621848859e+00 4.000000000000000222e-01 2.000000000000000111e-01 0.000000000000000000e+00 2.000000000000000111e-01 4.000000000000000222e-01 5.520515480901927452e-01 5.407612751292973918e-01 5.266231214294840868e-01 5.718086351522195798e-01 6.098917807788933887e-01
-1.000000000000000021e-02 -1.000000000000000021e-02 0.000000000000000000e+00 1.000000000000000021e-02 1.000000000000000021e-02 9.630252100840335672e+00 9.630252100840335672e+00 4.000000000000000222e-01 2.000000000000000111e-01 0.000000000000000000e+00 2.000000000000000111e-01 4.000000000000000222e-01 5.672538290106494685e-01 5.555022289621254217e-01 5.411047370833484971e-01 5.847678249476015999e-01 6.214466724208845827e-01
-1.000000000000000021e-02 -1.000000000000000021e-02 0.000000000000000000e+00 1.000000000000000021e-02 1.000000000000000021e-02 1.029411764705882248e+01 1.029411764705882248e+01 4.000000000000000222e-01 2.000000000000000111e-01 0.000000000000000000e+00 2.000000000000000111e-01 4.000000000000000222e-01 5.819584701824728201e-01 5.700418849689181666e-01 5.559891796992042501e-01 5.974159370251361789e-01 6.324089861713295679e-01
-1.000000000000000021e-02 -1.000000000000000021e-02 0.000000000000000000e+00 1.000000000000000021e-02 1.000000000000000021e-02 1.095798319327731107e+01 1.095798319327731107e+01 4.000000000000000222e-01 2.000000000000000111e-01 0.000000000000000000e+00 2.000000000000000111e-01 4.000000000000000222e-01 5.960723176953052205e-01 5.851173962458724453e-01 5.701526239304361976e-01 6.101975603989956420e-01 6.427092788828888681e-01
-1.000000000000000021e-02 -1.000000000000000021e-02 0.000000000000000000e+00 1.000000000000000021e-02 1.000000000000000021e-02 1.162184873949579789e+01 1.162184873949579789e+01 4.000000000000000222e-01 2.000000000000000111e-01 0.000000000000000000e+00 2.000000000000000111e-01 4.000000000000000222e-01 6.097050186170978048e-01 5.986279233220409557e-01 5.844211122068030395e-01 6.216191647274407206e-01 6.520623294943861392e-01
-1.000000000000000021e-02 -1.000000000000000021e-02 0.000000000000000000e+00 1.000000000000000021e-02 1.000000000000000021e-02 1.228571428571428470e+01 1.228571428571428470e+01 4.000000000000000222e-01 2.000000000000000111e-01 0.000000000000000000e+00 2.000000000000000111e-01 4.000000000000000222e-01 6.220703161708213136e-01 6.116456574495809928e-01 5.976843218238900857e-01 6.320730454632152995e-01 6.603922818169718489e-01
-1.000000000000000021e-02 -1.000000000000000021e-02 0.000000000000000000e+00 1.000000000000000021e-02 1.000000000000000021e-02 1.294957983193277329e+01 1.294957983193277329e+01 4.000000000000000222e-01 2.000000000000000111e-01 0.000000000000000000e+00 2.000000000000000111e-01 4.000000000000000222e-01 6.339898154199993252e-01 6.235176170822818165e-01 6.097504498808601348e-01 6.417572715110508863e-01 6.683950621392242830e-01
-1.000000000000000021e-02 -1.000000000000000021e-02 0.000000000000000000e+00 1.000000000000000021e-02 1.000000000000000021e-02 1.361344537815126010e+01 1.361344537815126010e+01 4.000000000000000222e-01 2.000000000000000111e-01 0.000000000000000000e+00 2.000000000000000111e-01 4.000000000000000222e-01 6.449091240028973493e-01 6.347954335658573255e-01 6.209102647163730060e-01 6.507868639320093518e-01 6.754779894225716452e-01
-1.000000000000000021e-02 -1.000000000000000021e-02 0.000000000000000000e+00 1.000000000000000021e-02 1.000000000000000021e-02 1.427731092436974691e+01 1.427731092436974691e+01 4.000000000000000222e-01 2.000000000000000111e-01 0.000000000000000000e+00 2.000000000000000111e-01 4.000000000000000222e-01 6.539400316802193025e-01 6.448153202761642833e-01 6.322536469764425959e-01 6.590600752642559179e-01 6.816700772853909740e-01
-1.000000000000000021e-02 -1.000000000000000021e-02 0.000000000000000000e+00 1.000000000000000021e-02 1.000000000000000021e-02 1.494117647058823550e+01 1.494117647058823550e+01 4.000000000000000222e-01 2.000000000000000111e-01 0.000000000000000000e+00 2.000000000000000111e-01 4.000000000000000222e-01 6.633191015226830300e-01 6.551691254591307523e-01 6.421396877897328492e-01 6.675515715170264874e-01 6.879247003703212737e-01
-1.000000000000000021e-02 -1.000000000000000021e-02 0.000000000000000000e+00 1.000000000000000021e-02 1.000000000000000021e-02 1.560504201680672232e+01 1.560504201680672232e+01 4.000000000000000222e-01 2.000000000000000111e-01 0.000000000000000000e+00 2.000000000000000111e-01 4.000000000000000222e-01 6.716751375688940762e-01 6.631825373077281371e-01 6.514411344725258290e-01 6.743335029391387403e-01 6.936570217269792948e-01
-1.000000000000000021e-02 -1.000000000000000021e-02 0.000000000000000000e+00 1.000000000000000021e-02 1.000000000000000021e-02 1.626890756302520913e+01 1.626890756302520913e+01 4.000000000000000222e-01 2.000000000000000111e-01 0.000000000000000000e+00 2.000000000000000111e-01 4.000000000000000222e-01 6.793403576711832814e-01 6.713738169520516719e-01 6.596249536090121879e-01 6.812264728026646843e-01 6.990657460586597871e-01
-1.000000000000000021e-02 -1.000000000000000021e-02 0.000000000000000000e+00 1.000000000000000021e-02 1.000000000000000021e-02 1.693277310924369772e+01 1.693277310924369772e+01 4.000000000000000222e-01 2.000000000000000111e-01 0.000000000000000000e+00 2.000000000000000111e-01 4.000000000000000222e-01 6.866817896394930010e-01 6.784846240403581419e-01 6.676106151251341991e-01 6.871220185552863180e-01 7.041898771098437093e-01
-1.000000000000000021e-02 -1.000000000000000021e-02 0.000000000000000000e+00 1.000000000000000021e-02 1.000000000000000021e-02 1.759663865546218275e+01 1.759663865546218275e+01 4.000000000000000222e-01 2.000000000000000111e-01 0.000000000000000000e+00 2.000000000000000111e-01 4.000000000000000222e-01 6.928191308158869743e-01 6.860846653454772959e-01 6.754041068801470704e-01 6.934261403726579287e-01 7.084753725954886505e-01
-1.000000000000000021e-02 -1.000000000000000021e-02 0.000000000000000000e+00 1.000000000000000021e-02 1.000000000000000021e-02 1.826050420168067134e+01 1.826050420168067134e+01 4.000000000000000222e-01 2.000000000000000111e-01 0.000000000000000000e+00 2.000000000000000111e-01 4.000000000000000222e-01 6.990887012323304672e-01 6.924676222807942816e-01 6.821071493705774813e-01 6.988939715300684918e-01 7.128847472119358430e-01
-1.000000000000000021e-02 -1.000000000000000021e-02 0.000000000000000000e+00 1.000000000000000021e-02 1.000000000000000021e-02 1.892436974789915993e+01 1.892436974789915993e+01 4.000000000000000222e-01 2.000000000000000111e-01 0.000000000000000000e+00 2.000000000000000111e-01 4.000000000000000222e-01 7.044151045297332159e-01 6.988842808852652189e-01 6.885310032547724557e-01 7.044243573869592989e-01 7.169084325470721497e-01
-1.000000000000000021e-02 -1.000000000000000021e-02 0.000000000000000000e+00 1.000000000000000021e-02 1.000000000000000021e-02 1.958823529411764497e+01 1.958823529411764497e+01 4.000000000000000222e-01 2.000000000000000111e-01 0.000000000000000000e+00 2.000000000000000111e-01 4.000000000000000222e-01 7.101951929289478382e-01 7.044071283921712334e-01 6.945368231340482978e-01 7.093066454143530652e-01 7.212822928219858598e-01
-1.000000000000000021e-02 -1.000000000000000021e-02 0.000000000000000000e+00 1.000000000000000021e-02 1.000000000000000021e-02 2.025210084033613356e+01 2.025210084033613356e+01 4.000000000000000222e-01 2.000000000000000111e-01 0.000000000000000000e+00 2.000000000000000111e-01 4.000000000000000222e-01 7.156100881007579906e-01 7.097703644464521400e-01 7.002777174642204061e-01 7.139783153138485883e-01 7.253609019870027597e-01
-1.000000000000000021e-02 -1.000000000000000021e-02 0.000000000000000000e+00 1.000000000000000021e-02 1.000000000000000021e-02 2.091596638655462215e+01 2.091596638655462215e+01 4.000000000000000222e-01 2.000000000000000111e-01 0.000000000000000000e+00 2.000000000000000111e-01 4.000000000000000222e-01 7.205177635181858609e-01 7.150206688523016441e-01 7.056987883587276800e-01 7.187224135467821240e-01 7.291189423547485005e-01
-1.000000000000000021e-02 -1.000000000000000021e-02 0.000000000000000000e+00 1.000000000000000021e-02 1.000000000000000021e-02 2.157983193277310718e+01 2.157983193277310718e+01 4.000000000000000222e-01 2.000000000000000111e-01 0.000000000000000000e+00 2.000000000000000111e-01 4.000000000000000222e-01 7.250919413620147136e-01 7.198052593763589746e-01 7.112768454363400661e-01 7.230364703179253949e-01 7.327281959430824720e-01
-1.000000000000000021e-02 -1.000000000000000021e-02 0.000000000000000000e+00 1.000000000000000021e-02 1.000000000000000021e-02 2.224369747899159577e+01 2.224369747899159577e+01 4.000000000000000222e-01 2.000000000000000111e-01 0.000000000000000000e+00 2.000000000000000111e-01 4.000000000000000222e-01 7.295990661883116069e-01 7.245438803160144658e-01 7.154373800899997971e-01 7.272611402962551042e-01 7.362758061570152668e-01
-1.000000000000000021e-02 -1.000000000000000021e-02 0.000000000000000000e+00 1.000000000000000021e-02 1.000000000000000021e-02 2.290756302521008436e+01 2.290756302521008436e+01 4.000000000000000222e-01 2.000000000000000111e-01 0.000000000000000000e+00 2.000000000000000111e-01 4.000000000000000222e-01 7.337612119427250335e-01 7.292792475884387615e-01 7.201294163419884597e-01 7.315326751501113334e-01 7.396470755875720338e-01
-1.000000000000000021e-02 -1.000000000000000021e-02 0.000000000000000000e+00 1.000000000000000021e-02 1.000000000000000021e-02 2.357142857142856940e+01 2.357142857142856940e+01 4.000000000000000222e-01 2.000000000000000111e-01 0.000000000000000000e+00 2.000000000000000111e-01 4.000000000000000222e-01 7.375996891942110389e-01 7.335526237473822819e-01 7.248046862080860242e-01 7.354233593470317354e-01 7.427876410271052610e-01
-1.000000000000000021e-02 -1.000000000000000021e-02 0.000000000000000000e+00 1.000000000000000021e-02 1.000000000000000021e-02 2.423529411764705799e+01 2.423529411764705799e+01 4.000000000000000222e-01 2.000000000000000111e-01 0.000000000000000000e+00 2.000000000000000111e-01 4.000000000000000222e-01 7.410798986123059429e-01 7.375416973195708659e-01 7.288574830936660476e-01 7.391257652806041412e-01 7.456118089472704158e-01
-1.000000000000000021e-02 -1.000000000000000021e-02 0.000000000000000000e+00 1.000000000000000021e-02 1.000000000000000021e-02 2.489915966386554658e+01 2.489915966386554658e+01 4.000000000000000222e-01 2.000000000000000111e-01 0.000000000000000000e+00 2.000000000000000111e-01 4.000000000000000222e-01 7.447511717596142500e-01 7.412590567808559072e-01 7.331711904672755242e-01 7.426278920417314078e-01 7.486803758567208700e-01
-1.000000000000000021e-02 -1.000000000000000021e-02 0.000000000000000000e+00 1.000000000000000021e-02 1.000000000000000021e-02 2.556302521008403161e+01 2.556302521008403161e+01 4.000000000000000222e-01 2.000000000000000111e-01 0.000000000000000000e+00 2.000000000000000111e-01 4.000000000000000222e-01 7.481479775322211756e-01 7.444566322344680076e-01 7.366620877534323375e-01 7.455240728317047427e-01 7.516035471108574173e-01
-1.000000000000000021e-02 -1.000000000000000021e-02 0.000000000000000000e+00 1.000000000000000021e-02 1.000000000000000021e-02 2.622689075630252020e+01 2.622689075630252020e+01 4.000000000000000222e-01 2.000000000000000111e-01 0.000000000000000000e+00 2.000000000000000111e-01 4.000000000000000222e-01 7.516765752598268957e-01 7.482964561468165021e-01 7.402645640479870170e-01 7.491436964719586644e-01 7.546790963569625088e-01
-1.000000000000000021e-02 -1.000000000000000021e-02 0.000000000000000000e+00 1.000000000000000021e-02 1.000000000000000021e-02 2.689075630252100879e+01 2.689075630252100879e+01 4.000000000000000222e-01 2.000000000000000111e-01 0.000000000000000000e+00 2.000000000000000111e-01 4.000000000000000222e-01 7.546106373192872363e-01 7.516884290685377223e-01 7.440088432451662515e-01 7.523267918182954261e-01 7.572151162606852726e-01
-1.000000000000000021e-02 -1.000000000000000021e-02 0.000000000000000000e+00 1.000000000000000021e-02 1.000000000000000021e-02 2.755462184873949383e+01 2.755462184873949383e+01 4.000000000000000222e-01 2.000000000000000111e-01 0.000000000000000000e+00 2.000000000000000111e-01 4.000000000000000222e-01 7.578261543699186253e-01 7.550883284318881117e-01 7.470060073200753825e-01 7.555398425220781755e-01 7.598380676353732044e-01
-1.000000000000000021e-02 -1.000000000000000021e-02 0.000000000000000000e+00 1.000000000000000021e-02 1.000000000000000021e-02 2.821848739495798242e+01 2.821848739495798242e+01 4.000000000000000222e-01 2.000000000000000111e-01 0.000000000000000000e+00 2.000000000000000111e-01 4.000000000000000222e-01 7.610844850546796270e-01 7.580381760210505027e-01 7.505555811776375430e-01 7.583101674318365459e-01 7.627146192146824211e-01
-1.000000000000000021e-02 -1.000000000000000021e-02 0.000000000000000000e+00 1.000000000000000021e-02 1.000000000000000021e-02 2.888235294117647101e+01 2.888235294117647101e+01 4.000000000000000222e-01 2.000000000000000111e-01 0.000000000000000000e+00 2.000000000000000111e-01 4.000000000000000222e-01 7.634613820770592696e-01 7.609436526760832153e-01 7.533698454265760347e-01 7.611326245774547861e-01 7.649237447582887262e-01
-1.000000000000000021e-02 -1.000000000000000021e-02 0.000000000000000000e+00 1.000000000000000021e-02 1.000000000000000021e-02 2.954621848739495604e+01 2.954621848739495604e+01 4.000000000000000222e-01 2.000000000000000111e-01 0.000000000000000000e+00 2.000000000000000111e-01 4.000000000000000222e-01 7.660350737757601891e-01 7.642809295598468333e-01 7.565432138274940099e-01 7.643114461534330495e-01 7.672344838376685683e-01
-1.000000000000000021e-02 -1.000000000000000021e-02 0.000000000000000000e+00 1.000000000000000021e-02 1.000000000000000021e-02 3.021008403361344463e+01 3.021008403361344463e+01 4.000000000000000222e-01 2.000000000000000111e-01 0.000000000000000000e+00 2.000000000000000111e-01 4.000000000000000222e-01 7.687909292871609734e-01 7.666691587105574079e-01 7.593994986196271890e-01 7.665978569374629625e-01 7.697781369018131814e-01
-1.000000000000000021e-02 -1.000000000000000021e-02 0.000000000000000000e+00 1.000000000000000021e-02 1.000000000000000021e-02 3.087394957983193322e+01 3.087394957983193322e+01 4.000000000000000222e-01 2.000000000000000111e-01 0.000000000000000000e+00 2.000000000000000111e-01 4.000000000000000222e-01 7.710497553608314236e-01 7.694869558911625607e-01 7.616125492166117006e-01 7.692752435956315971e-01 7.716705133833180463e-01
-1.000000000000000021e-02 -1.000000000000000021e-02 0.000000000000000000e+00 1.000000000000000021e-02 1.000000000000000021e-02 3.153781512605041826e+01 3.153781512605041826e+01 4.000000000000000222e-01 2.000000000000000111e-01 0.000000000000000000e+00 2.000000000000000111e-01 4.000000000000000222e-01 7.737926032647838293e-01 7.719710840805371621e-01 7.643637116606707416e-01 7.717400218047365534e-01 7.741680977481127934e-01
-1.000000000000000021e-02 -1.000000000000000021e-02 0.000000000000000000e+00 1.000000000000000021e-02 1.000000000000000021e-02 3.220168067226890685e+01 3.220168067226890685e+01 4.000000000000000222e-01 2.000000000000000111e-01 0.000000000000000000e+00 2.000000000000000111e-01 4.000000000000000222e-01 7.758296237807271734e-01 7.743427159865740039e-01 7.672099476195292089e-01 7.739296624160211246e-01 7.759662482775649961e-01
-1.000000000000000021e-02 -1.000000000000000021e-02 0.000000000000000000e+00 1.000000000000000021e-02 1.000000000000000021e-02 3.286554621848739544e+01 3.286554621848739544e+01 4.000000000000000222e-01 2.000000000000000111e-01 0.000000000000000000e+00 2.000000000000000111e-01 4.000000000000000222e-01 7.783133724123966202e-01 7.765960948031332967e-01 7.692077260027373464e-01 7.762100086057241999e-01 7.784030475332903709e-01
-1.000000000000000021e-02 -1.000000000000000021e-02 0.000000000000000000e+00 1.000000000000000021e-02 1.000000000000000021e-02 3.352941176470588402e+01 3.352941176470588402e+01 4.000000000000000222e-01 2.000000000000000111e-01 0.000000000000000000e+00 2.000000000000000111e-01 4.000000000000000222e-01 7.808439760623808734e-01 7.793288247854035511e-01 7.716739086269495118e-01 7.788741828673041434e-01 7.807302575172506698e-01
-1.000000000000000021e-02 -1.000000000000000021e-02 0.000000000000000000e+00 1.000000000000000021e-02 1.000000000000000021e-02 3.419327731092436551e+01 3.419327731092436551e+01 4.000000000000000222e-01 2.000000000000000111e-01 0.000000000000000000e+00 2.000000000000000111e-01 4.000000000000000222e-01 7.826478730425071584e-01 7.816629422121651460e-01 7.736572180255718578e-01 7.811895158724939670e-01 7.824359470960702279e-01
-1.000000000000000021e-02 -1.000000000000000021e-02 0.000000000000000000e+00 1.000000000000000021e-02 1.000000000000000021e-02 3.485714285714285410e+01 3.485714285714285410e+01 4.000000000000000222e-01 2.000000000000000111e-01 0.000000000000000000e+00 2.000000000000000111e-01 4.000000000000000222e-01 7.845477087957185569e-01 7.832655659415637128e-01 7.761813479317375419e-01 7.827135329921016682e-01 7.841368399252245380e-01
-1.000000000000000021e-02 -1.000000000000000021e-02 0.000000000000000000e+00 1.000000000000000021e-02 1.000000000000000021e-02 3.552100840336134269e+01 3.552100840336134269e+01 4.000000000000000222e-01 2.000000000000000111e-01 0.000000000000000000e+00 2.000000000000000111e-01 4.000000000000000222e-01 7.866568230189615596e-01 7.853121310728485849e-01 7.782612673616580157e-01 7.846677690843955055e-01 7.861690691029155076e-01
-1.000000000000000021e-02 -1.000000000000000021e-02 0.000000000000000000e+00 1.000000000000000021e-02 1.000000000000000021e-02 3.618487394957983128e+01 3.618487394957983128e+01 4.000000000000000222e-01 2.000000000000000111e-01 0.000000000000000000e+00 2.000000000000000111e-01 4.000000000000000222e-01 7.882771990496550973e-01 7.874851301455727537e-01 7.802602841181893734e-01 7.869306805197698873e-01 7.877814478225229067e-01
-1.000000000000000021e-02 -1.000000000000000021e-02 0.000000000000000000e+00 1.000000000000000021e-02 1.000000000000000021e-02 3.684873949579831987e+01 3.684873949579831987e+01 4.000000000000000222e-01 2.000000000000000111e-01 0.000000000000000000e+00 2.000000000000000111e-01 4.000000000000000222e-01 7.898611466333036457e-01 7.891053917672852247e-01 7.818416219136261613e-01 7.885144085133443115e-01 7.892530239533631642e-01
-1.000000000000000021e-02 -1.000000000000000021e-02 0.000000000000000000e+00 1.000000000000000021e-02 1.000000000000000021e-02 3.751260504201680845e+01 3.751260504201680845e+01 4.000000000000000222e-01 2.000000000000000111e-01 0.000000000000000000e+00 2.000000000000000111e-01 4.000000000000000222e-01 7.915350391413651376e-01 7.909634508802578789e-01 7.838326744604142693e-01 7.904349851075936906e-01 7.908105088397560101e-01
-1.000000000000000021e-02 -1.000000000000000021e-02 0.000000000000000000e+00 1.000000000000000021e-02 1.000000000000000021e-02 3.817647058823528994e+01 3.817647058823528994e+01 4.000000000000000222e-01 2.000000000000000111e-01 0.000000000000000000e+00 2.000000000000000111e-01 4.000000000000000222e-01 7.933693083915582811e-01 7.927308614130410547e-01 7.851583806374221597e-01 7.921121304011047304e-01 7.926993588690378623e-01
-1.000000000000000021e-02 -1.000000000000000021e-02 0.000000000000000000e+00 1.000000000000000021e-02 1.000000000000000021e-02 3.884033613445377853e+01 3.884033613445377853e+01 4.000000000000000222e-01 2.000000000000000111e-01 0.000000000000000000e+00 2.000000000000000111e-01 4.000000000000000222e-01 7.948862784833560235e-01 7.944468300056418686e-01 7.871404573051515863e-01 7.937985544494733370e-01 7.940226421323723915e-01
-1.000000000000000021e-02 -1.000000000000000021e-02 0.000000000000000000e+00 1.000000000000000021e-02 1.000000000000000021e-02 3.950420168067226712e+01 3.950420168067226712e+01 4.000000000000000222e-01 2.000000000000000111e-01 0.000000000000000000e+00 2.000000000000000111e-01 4.000000000000000222e-01 7.964055942300405366e-01 7.959463878816285254e-01 7.888427294337021500e-01 7.953297157200966971e-01 7.956184570183184590e-01
-1.000000000000000021e-02 -1.000000000000000021e-02 0.000000000000000000e+00 1.000000000000000021e-02 1.000000000000000021e-02 4.016806722689075571e+01 4.016806722689075571e+01 4.000000000000000222e-01 2.000000000000000111e-01 0.000000000000000000e+00 2.000000000000000111e-01 4.000000000000000222e-01 7.978892102856072199e-01 7.975995800539831260e-01 7.901082610100347292e-01 7.969705923728447328e-01 7.970467639261296089e-01
-1.000000000000000021e-02 -1.000000000000000021e-02 0.000000000000000000e+00 1.000000000000000021e-02 1.000000000000000021e-02 4.083193277310924429e+01 4.083193277310924429e+01 4.000000000000000222e-01 2.000000000000000111e-01 0.000000000000000000e+00 2.000000000000000111e-01 4.000000000000000222e-01 7.992738607189207034e-01 7.989379247877306245e-01 7.921819799848704990e-01 7.983209400968577230e-01 7.982893022399373262e-01
-1.000000000000000021e-02 -1.000000000000000021e-02 0.000000000000000000e+00 1.000000000000000021e-02 1.000000000000000021e-02 4.149579831932773288e+01 4.149579831932773288e+01 4.000000000000000222e-01 2.000000000000000111e-01 0.000000000000000000e+00 2.000000000000000111e-01 4.000000000000000222e-01 8.006422060008436814e-01 8.004619420866282420e-01 7.931506218871052782e-01 7.998148412837332577e-01 7.997589448559659919e-01
-1.000000000000000021e-02 -1.000000000000000021e-02 0.000000000000000000e+00 1.000000000000000021e-02 1.000000000000000021e-02 4.215966386554621437e+01 4.215966386554621437e+01 4.000000000000000222e-01 2.000000000000000111e-01 0.000000000000000000e+00 2.000000000000000111e-01 4.000000000000000222e-01 8.023136428462884773e-01 8.017642799806173892e-01 7.948065831593820185e-01 8.011627693096334824e-01 8.013745580720837980e-01
-1.000000000000000021e-02 -1.000000000000000021e-02 0.000000000000000000e+00 1.000000000000000021e-02 1.000000000000000021e-02 4.282352941176470296e+01 4.282352941176470296e+01 4.000000000000000222e-01 2.000000000000000111e-01 0.000000000000000000e+00 2.000000000000000111e-01 4.000000000000000222e-01 8.034947535517270589e-01 8.031525429397227134e-01 7.960954478699974191e-01 8.025529609578876400e-01 8.025682953384171148e-01
-1.000000000000000021e-02 -1.000000000000000021e-02 0.000000000000000000e+00 1.000000000000000021e-02 1.000000000000000021e-02 4.348739495798319155e+01 4.348739495798319155e+01 4.000000000000000222e-01 2.000000000000000111e-01 0.000000000000000000e+00 2.000000000000000111e-01 4.000000000000000222e-01 8.046473630062855875e-01 8.042899887275025694e-01 7.969972901040478508e-01 8.036762125501830667e-01 8.037327124409753276e-01
-1.000000000000000021e-02 -1.000000000000000021e-02 0.000000000000000000e+00 1.000000000000000021e-02 1.000000000000000021e-02 4.415126050420168013e+01 4.415126050420168013e+01 4.000000000000000222e-01 2.000000000000000111e-01 0.000000000000000000e+00 2.000000000000000111e-01 4.000000000000000222e-01 8.058792689364062678e-01 8.058334397677199279e-01 7.985003015254902303e-01 8.052827685088576048e-01 8.049312149608058853e-01
-1.000000000000000021e-02 -1.000000000000000021e-02 0.000000000000000000e+00 1.000000000000000021e-02 1.000000000000000021e-02 4.481512605042016872e+01 4.481512605042016872e+01 4.000000000000000222e-01 2.000000000000000111e-01 0.000000000000000000e+00 2.000000000000000111e-01 4.000000000000000222e-01 8.066566052622438088e-01 8.069741948893157657e-01 7.994887408457516109e-01 8.063695162887259960e-01 8.056575309225583181e-01
-1.000000000000000021e-02 -1.000000000000000021e-02 0.000000000000000000e+00 1.000000000000000021e-02 1.000000000000000021e-02 4.547899159663865021e+01 4.547899159663865021e+01 4.000000000000000222e-01 2.000000000000000111e-01 0.000000000000000000e+00 2.000000000000000111e-01 4.000000000000000222e-01 8.078567035827922682e-01 8.078979045180665342e-01 8.009545602006975518e-01 8.073658174284144007e-01 8.068919945550249162e-01
-1.000000000000000021e-02 -1.000000000000000021e-02 0.000000000000000000e+00 1.000000000000000021e-02 1.000000000000000021e-02 4.614285714285713880e+01 4.614285714285713880e+01 4.000000000000000222e-01 2.000000000000000111e-01 0.000000000000000000e+00 2.000000000000000111e-01 4.000000000000000222e-01 8.091021461118098612e-01 8.092048052821817494e-01 8.020139393627374602e-01 8.086326078293718522e-01 8.081414716525749942e-01
-1.000000000000000021e-02 -1.000000000000000021e-02 0.000000000000000000e+00 1.000000000000000021e-02 1.000000000000000021e-02 4.680672268907562739e+01 4.680672268907562739e+01 4.000000000000000222e-01 2.000000000000000111e-01 0.000000000000000000e+00 2.000000000000000111e-01 4.000000000000000222e-01 8.100492105393888309e-01 8.102504363453290059e-01 8.027013391147120869e-01 8.097520228667955955e-01 8.090846719555642164e-01
-1.000000000000000021e-02 -1.000000000000000021e-02 0.000000000000000000e+00 1.000000000000000021e-02 1.000000000000000021e-02 4.747058823529411598e+01 4.747058823529411598e+01 4.000000000000000222e-01 2.000000000000000111e-01 0.000000000000000000e+00 2.000000000000000111e-01 4.000000000000000222e-01 8.111923715347849617e-01 8.113755567589844286e-01 8.041950083512197089e-01 8.108608703384423411e-01 8.101990452672067633e-01
-1.000000000000000021e-02 -1.000000000000000021e-02 0.000000000000000000e+00 1.000000000000000021e-02 1.000000000000000021e-02 4.813445378151260456e+01 4.813445378151260456e+01 4.000000000000000222e-01 2.000000000000000111e-01 0.000000000000000000e+00 2.000000000000000111e-01 4.000000000000000222e-01 8.119177987196912749e-01 8.121291370967087531e-01 8.049672118488039319e-01 8.116298213487920243e-01 8.110062764128814772e-01
-1.000000000000000021e-02 -1.000000000000000021e-02 0.000000000000000000e+00 1.000000000000000021e-02 1.000000000000000021e-02 4.879831932773109315e+01 4.879831932773109315e+01 4.000000000000000222e-01 2.000000000000000111e-01 0.000000000000000000e+00 2.000000000000000111e-01 4.000000000000000222e-01 8.131238056378837786e-01 8.132118062414313009e-01 8.058531221916088727e-01 8.126857738159160016e-01 8.121863591697512375e-01
-1.000000000000000021e-02 -1.000000000000000021e-02 0.000000000000000000e+00 1.000000000000000021e-02 1.000000000000000021e-02 4.946218487394957464e+01 4.946218487394957464e+01 4.000000000000000222e-01 2.000000000000000111e-01 0.000000000000000000e+00 2.000000000000000111e-01 4.000000000000000222e-01 8.137384168407130192e-01 8.144559468330111462e-01 8.067127334776091896e-01 8.139220792430007512e-01 8.128009234740775080e-01
-1.000000000000000021e-02 -1.000000000000000021e-02 0.000000000000000000e+00 1.000000000000000021e-02 1.000000000000000021e-02 5.012605042016806323e+01 5.012605042016806323e+01 4.000000000000000222e-01 2.000000000000000111e-01 0.000000000000000000e+00 2.000000000000000111e-01 4.000000000000000222e-01 8.146882221430225002e-01 8.151068005466497457e-01 8.073766332386425049e-01 8.146601250190204091e-01 8.137568127034241483e-01
-1.000000000000000021e-02 -1.000000000000000021e-02 0.000000000000000000e+00 1.000000000000000021e-02 1.000000000000000021e-02 5.078991596638655182e+01 5.078991596638655182e+01 4.000000000000000222e-01 2.000000000000000111e-01 0.000000000000000000e+00 2.000000000000000111e-01 4.000000000000000222e-01 8.155953141983516286e-01 8.158449005059759118e-01 8.085567670919798777e-01 8.154220396207283450e-01 8.147426271848409174e-01
-1.000000000000000021e-02 -1.000000000000000021e-02 0.000000000000000000e+00 1.000000000000000021e-02 1.000000000000000021e-02 5.145378151260504040e+01 5.145378151260504040e+01 4.000000000000000222e-01 2.000000000000000111e-01 0.000000000000000000e+00 2.000000000000000111e-01 4.000000000000000222e-01 8.163249910704882817e-01 8.167084568803968381e-01 8.092183451774264125e-01 8.162015653535942272e-01 8.154886972602768402e-01
-1.000000000000000021e-02 -1.000000000000000021e-02 0.000000000000000000e+00 1.000000000000000021e-02 1.000000000000000021e-02 5.211764705882352899e+01 5.211764705882352899e+01 4.000000000000000222e-01 2.000000000000000111e-01 0.000000000000000000e+00 2.000000000000000111e-01 4.000000000000000222e-01 8.172514696708229609e-01 8.175789673467031005e-01 8.101404469813634490e-01 8.171507962116379975e-01 8.164120962118267544e-01
-1.000000000000000021e-02 -1.000000000000000021e-02 0.000000000000000000e+00 1.000000000000000021e-02 1.000000000000000021e-02 5.278151260504201758e+01 5.278151260504201758e+01 4.000000000000000222e-01 2.000000000000000111e-01 0.000000000000000000e+00 2.000000000000000111e-01 4.000000000000000222e-01 8.178393459291172229e-01 8.182607269487849333e-01 8.107555342858971947e-01 8.178535638391544182e-01 8.170571552736710652e-01
-1.000000000000000021e-02 -1.000000000000000021e-02 0.000000000000000000e+00 1.000000000000000021e-02 1.000000000000000021e-02 5.344537815126049907e+01 5.344537815126049907e+01 4.000000000000000222e-01 2.000000000000000111e-01 0.000000000000000000e+00 2.000000000000000111e-01 4.000000000000000222e-01 8.187024072464103019e-01 8.190303891969719086e-01 8.113583524719698570e-01 8.186291691981775198e-01 8.179110170914469791e-01
-1.000000000000000021e-02 -1.000000000000000021e-02 0.000000000000000000e+00 1.000000000000000021e-02 1.000000000000000021e-02 5.410924369747898766e+01 5.410924369747898766e+01 4.000000000000000222e-01 2.000000000000000111e-01 0.000000000000000000e+00 2.000000000000000111e-01 4.000000000000000222e-01 8.191560707734086844e-01 8.196952953964476984e-01 8.121009028591819057e-01 8.193560892038214138e-01 8.183863503540457218e-01
-1.000000000000000021e-02 -1.000000000000000021e-02 0.000000000000000000e+00 1.000000000000000021e-02 1.000000000000000021e-02 5.477310924369747624e+01 5.477310924369747624e+01 4.000000000000000222e-01 2.000000000000000111e-01 0.000000000000000000e+00 2.000000000000000111e-01 4.000000000000000222e-01 8.197520710160426383e-01 8.203685899196094811e-01 8.128047272779788113e-01 8.199999648769358274e-01 8.189938957863165392e-01
-1.000000000000000021e-02 -1.000000000000000021e-02 0.000000000000000000e+00 1.000000000000000021e-02 1.000000000000000021e-02 5.543697478991596483e+01 5.543697478991596483e+01 4.000000000000000222e-01 2.000000000000000111e-01 0.000000000000000000e+00 2.000000000000000111e-01 4.000000000000000222e-01 8.206095399490080933e-01 8.209723013522328694e-01 8.133532981868439871e-01 8.206193404534302127e-01 8.199170698976439020e-01
-1.000000000000000021e-02 -1.000000000000000021e-02 0.000000000000000000e+00 1.000000000000000021e-02 1.000000000000000021e-02 5.610084033613445342e+01 5.610084033613445342e+01 4.000000000000000222e-01 2.000000000000000111e-01 0.000000000000000000e+00 2.000000000000000111e-01 4.000000000000000222e-01 8.210488295264766201e-01 8.215461893432549623e-01 8.140602092720662375e-01 8.212429436508807967e-01 8.203735247207718517e-01
-1.000000000000000021e-02 -1.000000000000000021e-02 0.000000000000000000e+00 1.000000000000000021e-02 1.000000000000000021e-02 5.676470588235294201e+01 5.676470588235294201e+01 4.000000000000000222e-01 2.000000000000000111e-01 0.000000000000000000e+00 2.000000000000000111e-01 4.000000000000000222e-01 8.216841190203005851e-01 8.221869392546891087e-01 8.145665018548652325e-01 8.218657957088911781e-01 8.209993836010520685e-01
-1.000000000000000021e-02 -1.000000000000000021e-02 0.000000000000000000e+00 1.000000000000000021e-02 1.000000000000000021e-02 5.742857142857142350e+01 5.742857142857142350e+01 4.000000000000000222e-01 2.000000000000000111e-01 0.000000000000000000e+00 2.000000000000000111e-01 4.000000000000000222e-01 8.223922291035105081e-01 8.226192894866150018e-01 8.151171060861425177e-01 8.222890917885826711e-01 8.217441275749494123e-01
-1.000000000000000021e-02 -1.000000000000000021e-02 0.000000000000000000e+00 1.000000000000000021e-02 1.000000000000000021e-02 5.809243697478991209e+01 5.809243697478991209e+01 4.000000000000000222e-01 2.000000000000000111e-01 0.000000000000000000e+00 2.000000000000000111e-01 4.000000000000000222e-01 8.227964329164817459e-01 8.232693832558969360e-01 8.156987200387230130e-01 8.229484316853912240e-01 8.221644182734365591e-01
-1.000000000000000021e-02 -1.000000000000000021e-02 0.000000000000000000e+00 1.000000000000000021e-02 1.000000000000000021e-02 5.875630252100840067e+01 5.875630252100840067e+01 4.000000000000000222e-01 2.000000000000000111e-01 0.000000000000000000e+00 2.000000000000000111e-01 4.000000000000000222e-01 8.233857086299618544e-01 8.237602948238025302e-01 8.162186914700261253e-01 8.235025097293539043e-01 8.227152856716631879e-01
-1.000000000000000021e-02 -1.000000000000000021e-02 0.000000000000000000e+00 1.000000000000000021e-02 1.000000000000000021e-02 5.942016806722688926e+01 5.942016806722688926e+01 4.000000000000000222e-01 2.000000000000000111e-01 0.000000000000000000e+00 2.000000000000000111e-01 4.000000000000000222e-01 8.239161330762740931e-01 8.244711251846270628e-01 8.168173534017508786e-01 8.242168514387533396e-01 8.233389850024254164e-01
-1.000000000000000021e-02 -1.000000000000000021e-02 0.000000000000000000e+00 1.000000000000000021e-02 1.000000000000000021e-02 6.008403361344537785e+01 6.008403361344537785e+01 4.000000000000000222e-01 2.000000000000000111e-01 0.000000000000000000e+00 2.000000000000000111e-01 4.000000000000000222e-01 8.243624782708675047e-01 8.247165945499684847e-01 8.172242320829297135e-01 8.244853946653660781e-01 8.237846110389472898e-01
-1.000000000000000021e-02 -1.000000000000000021e-02 0.000000000000000000e+00 1.000000000000000021e-02 1.000000000000000021e-02 6.074789915966386644e+01 6.074789915966386644e+01 4.000000000000000222e-01 2.000000000000000111e-01 0.000000000000000000e+00 2.000000000000000111e-01 4.000000000000000222e-01 8.247736739762818736e-01 8.252258542080491699e-01 8.177020268429658900e-01 8.249624916107708428e-01 8.242643107676033143e-01
-1.000000000000000021e-02 -1.000000000000000021e-02 0.000000000000000000e+00 1.000000000000000021e-02 1.000000000000000021e-02 6.141176470588234793e+01 6.141176470588234793e+01 4.000000000000000222e-01 2.000000000000000111e-01 0.000000000000000000e+00 2.000000000000000111e-01 4.000000000000000222e-01 8.251913976503143511e-01 8.256762620276125730e-01 8.179603237308283870e-01 8.254779041441423493e-01 8.246871215850214432e-01
-1.000000000000000021e-02 -1.000000000000000021e-02 0.000000000000000000e+00 1.000000000000000021e-02 1.000000000000000021e-02 6.207563025210083651e+01 6.207563025210083651e+01 4.000000000000000222e-01 2.000000000000000111e-01 0.000000000000000000e+00 2.000000000000000111e-01 4.000000000000000222e-01 8.256361574645930679e-01 8.262279031959453013e-01 8.185499719939154373e-01 8.259704057711116931e-01 8.251611996481448275e-01
-1.000000000000000021e-02 -1.000000000000000021e-02 0.000000000000000000e+00 1.000000000000000021e-02 1.000000000000000021e-02 6.273949579831932510e+01 6.273949579831932510e+01 4.000000000000000222e-01 2.000000000000000111e-01 0.000000000000000000e+00 2.000000000000000111e-01 4.000000000000000222e-01 8.261290312798565960e-01 8.266246953415318233e-01 8.186147882964567302e-01 8.263844513312081919e-01 8.256560348850445763e-01
-1.000000000000000021e-02 -1.000000000000000021e-02 0.000000000000000000e+00 1.000000000000000021e-02 1.000000000000000021e-02 6.340336134453781369e+01 6.340336134453781369e+01 4.000000000000000222e-01 2.000000000000000111e-01 0.000000000000000000e+00 2.000000000000000111e-01 4.000000000000000222e-01 8.265324186428033570e-01 8.269425479834772164e-01 8.191938471357481655e-01 8.267380186800961095e-01 8.260707767731136908e-01
-1.000000000000000021e-02 -1.000000000000000021e-02 0.000000000000000000e+00 1.000000000000000021e-02 1.000000000000000021e-02 6.406722689075630228e+01 6.406722689075630228e+01 4.000000000000000222e-01 2.000000000000000111e-01 0.000000000000000000e+00 2.000000000000000111e-01 4.000000000000000222e-01 8.268769590728366481e-01 8.273470555065290943e-01 8.196017746777480850e-01 8.270917381663677181e-01 8.264557834067900455e-01
-1.000000000000000021e-02 -1.000000000000000021e-02 0.000000000000000000e+00 1.000000000000000021e-02 1.000000000000000021e-02 6.473109243697479087e+01 6.473109243697479087e+01 4.000000000000000222e-01 2.000000000000000111e-01 0.000000000000000000e+00 2.000000000000000111e-01 4.000000000000000222e-01 8.272528061007849987e-01 8.276851168513063017e-01 8.200296032691519743e-01 8.275243708167581147e-01 8.268237710436220356e-01
-1.000000000000000021e-02 -1.000000000000000021e-02 0.000000000000000000e+00 1.000000000000000021e-02 1.000000000000000021e-02 6.539495798319327946e+01 6.539495798319327946e+01 4.000000000000000222e-01 2.000000000000000111e-01 0.000000000000000000e+00 2.000000000000000111e-01 4.000000000000000222e-01 8.275893274686207945e-01 8.280743747841121660e-01 8.204514445339238238e-01 8.279168121352148413e-01 8.271673301544255619e-01
-1.000000000000000021e-02 -1.000000000000000021e-02 0.000000000000000000e+00 1.000000000000000021e-02 1.000000000000000021e-02 6.605882352941176805e+01 6.605882352941176805e+01 4.000000000000000222e-01 2.000000000000000111e-01 0.000000000000000000e+00 2.000000000000000111e-01 4.000000000000000222e-01 8.278295868878357000e-01 8.283634756632298757e-01 8.207077465013419282e-01 8.281782156512166315e-01 8.274655772973592560e-01
-1.000000000000000021e-02 -1.000000000000000021e-02 0.000000000000000000e+00 1.000000000000000021e-02 1.000000000000000021e-02 6.672268907563024243e+01 6.672268907563024243e+01 4.000000000000000222e-01 2.000000000000000111e-01 0.000000000000000000e+00 2.000000000000000111e-01 4.000000000000000222e-01 8.281775563016886554e-01 8.287053326087286953e-01 8.209882590740630315e-01 8.285449764596778399e-01 8.277857266298622729e-01
-1.000000000000000021e-02 -1.000000000000000021e-02 0.000000000000000000e+00 1.000000000000000021e-02 1.000000000000000021e-02 6.738655462184873102e+01 6.738655462184873102e+01 4.000000000000000222e-01 2.000000000000000111e-01 0.000000000000000000e+00 2.000000000000000111e-01 4.000000000000000222e-01 8.285080618388105389e-01 8.290091057411341779e-01 8.212011343145171338e-01 8.288265660484838149e-01 8.281467251847237643e-01
-1.000000000000000021e-02 -1.000000000000000021e-02 0.000000000000000000e+00 1.000000000000000021e-02 1.000000000000000021e-02 6.805042016806721961e+01 6.805042016806721961e+01 4.000000000000000222e-01 2.000000000000000111e-01 0.000000000000000000e+00 2.000000000000000111e-01 4.000000000000000222e-01 8.287561321563189365e-01 8.292963992200044210e-01 8.215756770763232852e-01 8.291639725928209304e-01 8.284427710518877941e-01
-1.000000000000000021e-02 -1.000000000000000021e-02 0.000000000000000000e+00 1.000000000000000021e-02 1.000000000000000021e-02 6.871428571428570820e+01 6.871428571428570820e+01 4.000000000000000222e-01 2.000000000000000111e-01 0.000000000000000000e+00 2.000000000000000111e-01 4.000000000000000222e-01 8.291722348360665018e-01 8.296340722644048871e-01 8.215381465875043476e-01 8.295168541035813359e-01 8.288495320704927227e-01
-1.000000000000000021e-02 -1.000000000000000021e-02 0.000000000000000000e+00 1.000000000000000021e-02 1.000000000000000021e-02 6.937815126050419678e+01 6.937815126050419678e+01 4.000000000000000222e-01 2.000000000000000111e-01 0.000000000000000000e+00 2.000000000000000111e-01 4.000000000000000222e-01 8.293821106071862514e-01 8.299046766742711467e-01 8.220470154489750714e-01 8.297620877367160031e-01 8.290630277034186646e-01
-1.000000000000000021e-02 -1.000000000000000021e-02 0.000000000000000000e+00 1.000000000000000021e-02 1.000000000000000021e-02 7.004201680672268537e+01 7.004201680672268537e+01 4.000000000000000222e-01 2.000000000000000111e-01 0.000000000000000000e+00 2.000000000000000111e-01 4.000000000000000222e-01 8.297475008705843535e-01 8.300604140255921637e-01 8.224193947260574067e-01 8.299259982528234270e-01 8.294345730501320180e-01
-1.000000000000000021e-02 -1.000000000000000021e-02 0.000000000000000000e+00 1.000000000000000021e-02 1.000000000000000021e-02 7.070588235294117396e+01 7.070588235294117396e+01 4.000000000000000222e-01 2.000000000000000111e-01 0.000000000000000000e+00 2.000000000000000111e-01 4.000000000000000222e-01 8.298527959965377176e-01 8.302816394068252004e-01 8.225475356647244940e-01 8.301574630743054906e-01 8.295876447272887422e-01
-1.000000000000000021e-02 -1.000000000000000021e-02 0.000000000000000000e+00 1.000000000000000021e-02 1.000000000000000021e-02 7.136974789915966255e+01 7.136974789915966255e+01 4.000000000000000222e-01 2.000000000000000111e-01 0.000000000000000000e+00 2.000000000000000111e-01 4.000000000000000222e-01 8.301205435985382630e-01 8.306056219580685296e-01 8.228856280123116873e-01 8.304900297605929405e-01 8.298559903998964371e-01
-1.000000000000000021e-02 -1.000000000000000021e-02 0.000000000000000000e+00 1.000000000000000021e-02 1.000000000000000021e-02 7.203361344537815114e+01 7.203361344537815114e+01 4.000000000000000222e-01 2.000000000000000111e-01 0.000000000000000000e+00 2.000000000000000111e-01 4.000000000000000222e-01 8.303882852607518128e-01 8.308055053579300742e-01 8.229888875481150556e-01 8.307014364949207863e-01 8.301932748268905371e-01
-1.000000000000000021e-02 -1.000000000000000021e-02 0.000000000000000000e+00 1.000000000000000021e-02 1.000000000000000021e-02 7.269747899159663973e+01 7.269747899159663973e+01 4.000000000000000222e-01 2.000000000000000111e-01 0.000000000000000000e+00 2.000000000000000111e-01 4.000000000000000222e-01 8.305617217811742670e-01 8.310200610119347076e-01 8.231513549402929009e-01 8.309136408358568371e-01 8.303172226824232505e-01
-1.000000000000000021e-02 -1.000000000000000021e-02 0.000000000000000000e+00 1.000000000000000021e-02 1.000000000000000021e-02 7.336134453781512832e+01 7.336134453781512832e+01 4.000000000000000222e-01 2.000000000000000111e-01 0.000000000000000000e+00 2.000000000000000111e-01 4.000000000000000222e-01 8.308772258555500168e-01 8.311686444447635713e-01 8.231646560251132394e-01 8.310746066826173450e-01 8.306369195734559785e-01
-1.000000000000000021e-02 -1.000000000000000021e-02 0.000000000000000000e+00 1.000000000000000021e-02 1.000000000000000021e-02 7.402521008403361691e+01 7.402521008403361691e+01 4.000000000000000222e-01 2.000000000000000111e-01 0.000000000000000000e+00 2.000000000000000111e-01 4.000000000000000222e-01 8.310038936484827055e-01 8.314304797826260751e-01 8.235730564944969689e-01 8.313304766544011848e-01 8.307523961780316490e-01
-1.000000000000000021e-02 -1.000000000000000021e-02 0.000000000000000000e+00 1.000000000000000021e-02 1.000000000000000021e-02 7.468907563025209129e+01 7.468907563025209129e+01 4.000000000000000222e-01 2.000000000000000111e-01 0.000000000000000000e+00 2.000000000000000111e-01 4.000000000000000222e-01 8.312145527526972888e-01 8.316185365626023174e-01 8.238285592104459543e-01 8.315230671356770298e-01 8.310167670502364157e-01
-1.000000000000000021e-02 -1.000000000000000021e-02 0.000000000000000000e+00 1.000000000000000021e-02 1.000000000000000021e-02 7.535294117647057988e+01 7.535294117647057988e+01 4.000000000000000222e-01 2.000000000000000111e-01 0.000000000000000000e+00 2.000000000000000111e-01 4.000000000000000222e-01 8.313568063455620827e-01 8.317208296500137044e-01 8.239092792656418363e-01 8.316312497519218194e-01 8.311670314486285793e-01
-1.000000000000000021e-02 -1.000000000000000021e-02 0.000000000000000000e+00 1.000000000000000021e-02 1.000000000000000021e-02 7.601680672268906847e+01 7.601680672268906847e+01 4.000000000000000222e-01 2.000000000000000111e-01 0.000000000000000000e+00 2.000000000000000111e-01 4.000000000000000222e-01 8.315569783175241758e-01 8.319153110034404053e-01 8.239169453032451074e-01 8.318518226737138255e-01 8.313671982681344330e-01
-1.000000000000000021e-02 -1.000000000000000021e-02 0.000000000000000000e+00 1.000000000000000021e-02 1.000000000000000021e-02 7.668067226890755705e+01 7.668067226890755705e+01 4.000000000000000222e-01 2.000000000000000111e-01 0.000000000000000000e+00 2.000000000000000111e-01 4.000000000000000222e-01 8.318011077573872480e-01 8.321352024068977560e-01 8.241332537577600315e-01 8.320847206225480130e-01 8.316081492934715991e-01
-1.000000000000000021e-02 -1.000000000000000021e-02 0.000000000000000000e+00 1.000000000000000021e-02 1.000000000000000021e-02 7.734453781512604564e+01 7.734453781512604564e+01 4.000000000000000222e-01 2.000000000000000111e-01 0.000000000000000000e+00 2.000000000000000111e-01 4.000000000000000222e-01 8.319088010522169840e-01 8.323032736391176023e-01 8.244572480402218018e-01 8.322235052536978150e-01 8.317756864003018613e-01
-1.000000000000000021e-02 -1.000000000000000021e-02 0.000000000000000000e+00 1.000000000000000021e-02 1.000000000000000021e-02 7.800840336134453423e+01 7.800840336134453423e+01 4.000000000000000222e-01 2.000000000000000111e-01 0.000000000000000000e+00 2.000000000000000111e-01 4.000000000000000222e-01 8.320744333741418863e-01 8.324025633815679281e-01 8.245392828683083541e-01 8.323302402530787791e-01 8.318848181661664398e-01
-1.000000000000000021e-02 -1.000000000000000021e-02 0.000000000000000000e+00 1.000000000000000021e-02 1.000000000000000021e-02 7.867226890756302282e+01 7.867226890756302282e+01 4.000000000000000222e-01 2.000000000000000111e-01 0.000000000000000000e+00 2.000000000000000111e-01 4.000000000000000222e-01 8.321701976634899856e-01 8.325415314920318055e-01 8.248575122922092717e-01 8.324764832446046592e-01 8.319961269605959941e-01
-1.000000000000000021e-02 -1.000000000000000021e-02 0.000000000000000000e+00 1.000000000000000021e-02 1.000000000000000021e-02 7.933613445378151141e+01 7.933613445378151141e+01 4.000000000000000222e-01 2.000000000000000111e-01 0.000000000000000000e+00 2.000000000000000111e-01 4.000000000000000222e-01 8.323378139960313504e-01 8.326341277998919876e-01 8.250016460868205836e-01 8.325717785065297472e-01 8.321750118035128319e-01
-1.000000000000000021e-02 -1.000000000000000021e-02 0.000000000000000000e+00 1.000000000000000021e-02 1.000000000000000021e-02 8.000000000000000000e+01 8.000000000000000000e+01 4.000000000000000222e-01 2.000000000000000111e-01 0.000000000000000000e+00 2.000000000000000111e-01 4.000000000000000222e-01 8.325358880553692664e-01 8.327652134079543966e-01 8.250149011081102657e-01 8.327295234263898394e-01 8.324059165592297971e-01
