-1.000000000000000021e-02 -1.000000000000000021e-02 0.000000000000000000e+00 5.000000000000000104e-03 5.000000000000000104e-03 5.000000000000000000e-01 5.000000000000000000e-01 4.000000000000000222e-01 2.000000000000000111e-01 0.000000000000000000e+00 2.000000000000000111e-01 4.000000000000000222e-01 4.524255610095306301e-01 4.597468349605122739e-01 4.680115876596057101e-01 4.775441297310177302e-01 4.878654881121797238e-01
-1.000000000000000021e-02 -1.000000000000000021e-02 0.000000000000000000e+00 5.000000000000000104e-03 5.000000000000000104e-03 6.638655462184873679e-01 6.638655462184873679e-01 4.000000000000000222e-01 2.000000000000000111e-01 0.000000000000000000e+00 2.000000000000000111e-01 4.000000000000000222e-01 4.420117363296873769e-01 4.508033382527767419e-01 4.607289762295992408e-01 4.732566522406466136e-01 4.863205963245539332e-01
-1.000000000000000021e-02 -1.000000000000000021e-02 0.000000000000000000e+00 5.000000000000000104e-03 5.000000000000000104e-03 8.277310924369747358e-01 8.277310924369747358e-01 4.000000000000000222e-01 2.000000000000000111e-01 0.000000000000000000e+00 2.000000000000000111e-01 4.000000000000000222e-01 4.344393346438031323e-01 4.442366300673332158e-01 4.550211531040984636e-01 4.706300609527042100e-01 4.858580438909660959e-01
-1.000000000000000021e-02 -1.000000000000000021e-02 0.000000000000000000e+00 5.000000000000000104e-03 5.000000000000000104e-03 9.915966386554622147e-01 9.915966386554622147e-01 4.000000000000000222e-01 2.000000000000000111e-01 0.000000000000000000e+00 2.000000000000000111e-01 4.000000000000000222e-01 4.282304658210764337e-01 4.390946079251281109e-01 4.518933823269937200e-01 4.686833329967150519e-01 4.864627537526528545e-01
-1.000000000000000021e-02 -1.000000000000000021e-02 0.000000000000000000e+00 5.000000000000000104e-03 5.000000000000000104e-03 1.155462184873949472e+00 1.155462184873949472e+00 4.000000000000000222e-01 2.000000000000000111e-01 0.000000000000000000e+00 2.000000000000000111e-01 4.000000000000000222e-01 4.269951475885933045e-01 4.369487926303043390e-01 4.489284144585517500e-01 4.686050954929754653e-01 4.879965178523985037e-01
-1.000000000000000021e-02 -1.000000000000000021e-02 0.000000000000000000e+00 5.000000000000000104e-03 5.000000000000000104e-03 1.319327731092436951e+00 1.319327731092436951e+00 4.000000000000000222e-01 2.000000000000000111e-01 0.000000000000000000e+00 2.000000000000000111e-01 4.000000000000000222e-01 4.250873956576087798e-01 4.365632906122898782e-01 4.494720755760034936e-01 4.694982137336479178e-01 4.906830020845910356e-01
-1.000000000000000021e-02 -1.000000000000000021e-02 0.000000000000000000e+00 5.000000000000000104e-03 5.000000000000000104e-03 1.483193277310924429e+00 1.483193277310924429e+00 4.000000000000000222e-01 2.000000000000000111e-01 0.000000000000000000e+00 2.000000000000000111e-01 4.000000000000000222e-01 4.252072256333805922e-01 4.373782937904132084e-01 4.494543461902038017e-01 4.714572756417776955e-01 4.931341007974164303e-01
-1.000000000000000021e-02 -1.000000000000000021e-02 0.000000000000000000e+00 5.000000000000000104e-03 5.000000000000000104e-03 1.647058823529411686e+00 1.647058823529411686e+00 4.000000000000000222e-01 2.000000000000000111e-01 0.000000000000000000e+00 2.000000000000000111e-01 4.000000000000000222e-01 4.277362691190176314e-01 4.386203448613081313e-01 4.516784334983289240e-01 4.751480247194646567e-01 4.968928357118936878e-01
-1.000000000000000021e-02 -1.000000000000000021e-02 0.000000000000000000e+00 5.000000000000000104e-03 5.000000000000000104e-03 1.810924369747899165e+00 1.810924369747899165e+00 4.000000000000000222e-01 2.000000000000000111e-01 0.000000000000000000e+00 2.000000000000000111e-01 4.000000000000000222e-01 4.313245414852239223e-01 4.417054910880899854e-01 4.541980573611417715e-01 4.789453105100083263e-01 5.006744086319544484e-01
-1.000000000000000021e-02 -1.000000000000000021e-02 0.000000000000000000e+00 5.000000000000000104e-03 5.000000000000000104e-03 1.974789915966386644e+00 1.974789915966386644e+00 4.000000000000000222e-01 2.000000000000000111e-01 0.000000000000000000e+00 2.000000000000000111e-01 4.000000000000000222e-01 4.352817389422507510e-01 4.456273065395673361e-01 4.581938439668410967e-01 4.821250366216974781e-01 5.057578018560108246e-01
-1.000000000000000021e-02 -1.000000000000000021e-02 0.000000000000000000e+00 5.000000000000000104e-03 5.000000000000000104e-03 2.138655462184873901e+00 2.138655462184873901e+00 4.000000000000000222e-01 2.000000000000000111e-01 0.000000000000000000e+00 2.000000000000000111e-01 4.000000000000000222e-01 4.409652645748521338e-01 4.508254534730489205e-01 4.626184600116202139e-01 4.879198368453691037e-01 5.109325739696817248e-01
-1.000000000000000021e-02 -1.000000000000000021e-02 0.000000000000000000e+00 5.000000000000000104e-03 5.000000000000000104e-03 2.302521008403361158e+00 2.302521008403361158e+00 4.000000000000000222e-01 2.000000000000000111e-01 0.000000000000000000e+00 2.000000000000000111e-01 4.000000000000000222e-01 4.464314095316389008e-01 4.564088343046967533e-01 4.677004284813545132e-01 4.925143789769776959e-01 5.160269058038449153e-01
-1.000000000000000021e-02 -1.000000000000000021e-02 0.000000000000000000e+00 5.000000000000000104e-03 5.000000000000000104e-03 2.466386554621848859e+00 2.466386554621848859e+00 4.000000000000000222e-01 2.000000000000000111e-01 0.000000000000000000e+00 2.000000000000000111e-01 4.000000000000000222e-01 4.522293313935384362e-01 4.627085294399492232e-01 4.734224976032771481e-01 4.983501486197908781e-01 5.214202495330325648e-01
-1.000000000000000021e-02 -1.000000000000000021e-02 0.000000000000000000e+00 5.000000000000000104e-03 5.000000000000000104e-03 2.630252100840336116e+00 2.630252100840336116e+00 4.000000000000000222e-01 2.000000000000000111e-01 0.000000000000000000e+00 2.000000000000000111e-01 4.000000000000000222e-01 4.587104226598773260e-01 4.679010086387150325e-01 4.788527714106999844e-01 5.037601311072367194e-01 5.267059052811733366e-01
-1.000000000000000021e-02 -1.000000000000000021e-02 0.000000000000000000e+00 5.000000000000000104e-03 5.000000000000000104e-03 2.794117647058823373e+00 2.794117647058823373e+00 4.000000000000000222e-01 2.000000000000000111e-01 0.000000000000000000e+00 2.000000000000000111e-01 4.000000000000000222e-01 4.655063278556030304e-01 4.749874167424875115e-01 4.851076350352150901e-01 5.098950076451054247e-01 5.321277275694161757e-01
-1.000000000000000021e-02 -1.000000000000000021e-02 0.000000000000000000e+00 5.000000000000000104e-03 5.000000000000000104e-03 2.957983193277311074e+00 2.957983193277311074e+00 4.000000000000000222e-01 2.000000000000000111e-01 0.000000000000000000e+00 2.000000000000000111e-01 4.000000000000000222e-01 4.718633139158947554e-01 4.821337200892781838e-01 4.918546748283543768e-01 5.159832567334337039e-01 5.368103487539810370e-01
-1.000000000000000021e-02 -1.000000000000000021e-02 0.000000000000000000e+00 5.000000000000000104e-03 5.000000000000000104e-03 3.121848739495798331e+00 3.121848739495798331e+00 4.000000000000000222e-01 2.000000000000000111e-01 0.000000000000000000e+00 2.000000000000000111e-01 4.000000000000000222e-01 4.793940926790150048e-01 4.889951757367868579e-01 4.975571211906052449e-01 5.221712573699142101e-01 5.421940366613404727e-01
-1.000000000000000021e-02 -1.000000000000000021e-02 0.000000000000000000e+00 5.000000000000000104e-03 5.000000000000000104e-03 3.285714285714285587e+00 3.285714285714285587e+00 4.000000000000000222e-01 2.000000000000000111e-01 0.000000000000000000e+00 2.000000000000000111e-01 4.000000000000000222e-01 4.857676725836266862e-01 4.949093490042648091e-01 5.043822843627091546e-01 5.270801053245348644e-01 5.475497432825611188e-01
-1.000000000000000021e-02 -1.000000000000000021e-02 0.000000000000000000e+00 5.000000000000000104e-03 5.000000000000000104e-03 3.449579831932773288e+00 3.449579831932773288e+00 4.000000000000000222e-01 2.000000000000000111e-01 0.000000000000000000e+00 2.000000000000000111e-01 4.000000000000000222e-01 4.937295279079903509e-01 5.024207026378769703e-01 5.112391231341418818e-01 5.338839471745366883e-01 5.530990918577188831e-01
-1.000000000000000021e-02 -1.000000000000000021e-02 0.000000000000000000e+00 5.000000000000000104e-03 5.000000000000000104e-03 3.613445378151260545e+00 3.613445378151260545e+00 4.000000000000000222e-01 2.000000000000000111e-01 0.000000000000000000e+00 2.000000000000000111e-01 4.000000000000000222e-01 5.006305251454513661e-01 5.085096695057959026e-01 5.174460160236782347e-01 5.385219878554245998e-01 5.580044283567434649e-01
-1.000000000000000021e-02 -1.000000000000000021e-02 0.000000000000000000e+00 5.000000000000000104e-03 5.000000000000000104e-03 3.777310924369747802e+00 3.777310924369747802e+00 4.000000000000000222e-01 2.000000000000000111e-01 0.000000000000000000e+00 2.000000000000000111e-01 4.000000000000000222e-01 5.070407941054301260e-01 5.153939940749756587e-01 5.233115069625710047e-01 5.439745661809052280e-01 5.625662135743371151e-01
-1.000000000000000021e-02 -1.000000000000000021e-02 0.000000000000000000e+00 5.000000000000000104e-03 5.000000000000000104e-03 3.941176470588235503e+00 3.941176470588235503e+00 4.000000000000000222e-01 2.000000000000000111e-01 0.000000000000000000e+00 2.000000000000000111e-01 4.000000000000000222e-01 5.131226469009365632e-01 5.216771590442070838e-01 5.295991478707907651e-01 5.497373637185620776e-01 5.664608613103675472e-01
-1.000000000000000021e-02 -1.000000000000000021e-02 0.000000000000000000e+00 5.000000000000000104e-03 5.000000000000000104e-03 4.105042016806722316e+00 4.105042016806722316e+00 4.000000000000000222e-01 2.000000000000000111e-01 0.000000000000000000e+00 2.000000000000000111e-01 4.000000000000000222e-01 5.203057808607594037e-01 5.272198547707299676e-01 5.347162157382919778e-01 5.544415348512690134e-01 5.708160360077958462e-01
-1.000000000000000021e-02 -1.000000000000000021e-02 0.000000000000000000e+00 5.000000000000000104e-03 5.000000000000000104e-03 4.268907563025210017e+00 4.268907563025210017e+00 4.000000000000000222e-01 2.000000000000000111e-01 0.000000000000000000e+00 2.000000000000000111e-01 4.000000000000000222e-01 5.260681262841819805e-01 5.333315846907931146e-01 5.408105508305400821e-01 5.594480243770257877e-01 5.750869691153293051e-01
-1.000000000000000021e-02 -1.000000000000000021e-02 0.000000000000000000e+00 5.000000000000000104e-03 5.000000000000000104e-03 4.432773109243697718e+00 4.432773109243697718e+00 4.000000000000000222e-01 2.000000000000000111e-01 0.000000000000000000e+00 2.000000000000000111e-01 4.000000000000000222e-01 5.306463692905831753e-01 5.384899593434701037e-01 5.460088118941452962e-01 5.639329032174321688e-01 5.788966406173206014e-01
-1.000000000000000021e-02 -1.000000000000000021e-02 0.000000000000000000e+00 5.000000000000000104e-03 5.000000000000000104e-03 4.596638655462184531e+00 4.596638655462184531e+00 4.000000000000000222e-01 2.000000000000000111e-01 0.000000000000000000e+00 2.000000000000000111e-01 4.000000000000000222e-01 5.374827305852299952e-01 5.438226265767233114e-01 5.511038106092460698e-01 5.677680622894489826e-01 5.826424228473818800e-01
-1.000000000000000021e-02 -1.000000000000000021e-02 0.000000000000000000e+00 5.000000000000000104e-03 5.000000000000000104e-03 4.760504201680672232e+00 4.760504201680672232e+00 4.000000000000000222e-01 2.000000000000000111e-01 0.000000000000000000e+00 2.000000000000000111e-01 4.000000000000000222e-01 5.425298028763407832e-01 5.490953676711072262e-01 5.560929664008322781e-01 5.723791966003395348e-01 5.866050898305369410e-01
-1.000000000000000021e-02 -1.000000000000000021e-02 0.000000000000000000e+00 5.000000000000000104e-03 5.000000000000000104e-03 4.924369747899159933e+00 4.924369747899159933e+00 4.000000000000000222e-01 2.000000000000000111e-01 0.000000000000000000e+00 2.000000000000000111e-01 4.000000000000000222e-01 5.481444013105185586e-01 5.543603537318144703e-01 5.612178517216811491e-01 5.760498301304989299e-01 5.898943011617330257e-01
-1.000000000000000021e-02 -1.000000000000000021e-02 0.000000000000000000e+00 5.000000000000000104e-03 5.000000000000000104e-03 5.088235294117646745e+00 5.088235294117646745e+00 4.000000000000000222e-01 2.000000000000000111e-01 0.000000000000000000e+00 2.000000000000000111e-01 4.000000000000000222e-01 5.529022228669958627e-01 5.591706198138662876e-01 5.652526212008848194e-01 5.803465026121855663e-01 5.935461777263217886e-01
-1.000000000000000021e-02 -1.000000000000000021e-02 0.000000000000000000e+00 5.000000000000000104e-03 5.000000000000000104e-03 5.252100840336134446e+00 5.252100840336134446e+00 4.000000000000000222e-01 2.000000000000000111e-01 0.000000000000000000e+00 2.000000000000000111e-01 4.000000000000000222e-01 5.574388743362315157e-01 5.628056310366524873e-01 5.699662829443533640e-01 5.840555179688431409e-01 5.955735618410817889e-01
-1.000000000000000021e-02 -1.000000000000000021e-02 0.000000000000000000e+00 5.000000000000000104e-03 5.000000000000000104e-03 5.415966386554622147e+00 5.415966386554622147e+00 4.000000000000000222e-01 2.000000000000000111e-01 0.000000000000000000e+00 2.000000000000000111e-01 4.000000000000000222e-01 5.624848915197623311e-01 5.684410967430216788e-01 5.744054392999212721e-01 5.875949119916469288e-01 5.986974114082522780e-01
-1.000000000000000021e-02 -1.000000000000000021e-02 0.000000000000000000e+00 5.000000000000000104e-03 5.000000000000000104e-03 5.579831932773108960e+00 5.579831932773108960e+00 4.000000000000000222e-01 2.000000000000000111e-01 0.000000000000000000e+00 2.000000000000000111e-01 4.000000000000000222e-01 5.666207002213288213e-01 5.711152236603841414e-01 5.770675009629012697e-01 5.900159092679193584e-01 6.016281710511395264e-01
-1.000000000000000021e-02 -1.000000000000000021e-02 0.000000000000000000e+00 5.000000000000000104e-03 5.000000000000000104e-03 5.743697478991596661e+00 5.743697478991596661e+00 4.000000000000000222e-01 2.000000000000000111e-01 0.000000000000000000e+00 2.000000000000000111e-01 4.000000000000000222e-01 5.704210406704145475e-01 5.770440184908079972e-01 5.816608118283360662e-01 5.936837377577125485e-01 6.049040240853664763e-01
-1.000000000000000021e-02 -1.000000000000000021e-02 0.000000000000000000e+00 5.000000000000000104e-03 5.000000000000000104e-03 5.907563025210084362e+00 5.907563025210084362e+00 4.000000000000000222e-01 2.000000000000000111e-01 0.000000000000000000e+00 2.000000000000000111e-01 4.000000000000000222e-01 5.751858921112805723e-01 5.795340344298881563e-01 5.854452376187117002e-01 5.970253682670179085e-01 6.079251466011237337e-01
-1.000000000000000021e-02 -1.000000000000000021e-02 0.000000000000000000e+00 5.000000000000000104e-03 5.000000000000000104e-03 6.071428571428571175e+00 6.071428571428571175e+00 4.000000000000000222e-01 2.000000000000000111e-01 0.000000000000000000e+00 2.000000000000000111e-01 4.000000000000000222e-01 5.786058287533861755e-01 5.826650249774800727e-01 5.885196459795831725e-01 5.993692803879061559e-01 6.098350370293104117e-01
-1.000000000000000021e-02 -1.000000000000000021e-02 0.000000000000000000e+00 5.000000000000000104e-03 5.000000000000000104e-03 6.235294117647058876e+00 6.235294117647058876e+00 4.000000000000000222e-01 2.000000000000000111e-01 0.000000000000000000e+00 2.000000000000000111e-01 4.000000000000000222e-01 5.822516295238592265e-01 5.868200149119087161e-01 5.914991827605750041e-01 6.028116605348176060e-01 6.126134370487148484e-01
-1.000000000000000021e-02 -1.000000000000000021e-02 0.000000000000000000e+00 5.000000000000000104e-03 5.000000000000000104e-03 6.399159663865546577e+00 6.399159663865546577e+00 4.000000000000000222e-01 2.000000000000000111e-01 0.000000000000000000e+00 2.000000000000000111e-01 4.000000000000000222e-01 5.851980774437868238e-01 5.906098551169371991e-01 5.950502633442870115e-01 6.053273805441258260e-01 6.151062741268793488e-01
-1.000000000000000021e-02 -1.000000000000000021e-02 0.000000000000000000e+00 5.000000000000000104e-03 5.000000000000000104e-03 6.563025210084033390e+00 6.563025210084033390e+00 4.000000000000000222e-01 2.000000000000000111e-01 0.000000000000000000e+00 2.000000000000000111e-01 4.000000000000000222e-01 5.894934921272735329e-01 5.936739051426876967e-01 5.977390534553713719e-01 6.081827847100917950e-01 6.178332803593507006e-01
-1.000000000000000021e-02 -1.000000000000000021e-02 0.000000000000000000e+00 5.000000000000000104e-03 5.000000000000000104e-03 6.726890756302521091e+00 6.726890756302521091e+00 4.000000000000000222e-01 2.000000000000000111e-01 0.000000000000000000e+00 2.000000000000000111e-01 4.000000000000000222e-01 5.925731460695548014e-01 5.969916334809719505e-01 6.009391840828197662e-01 6.109417381941427694e-01 6.197711458956149944e-01
-1.000000000000000021e-02 -1.000000000000000021e-02 0.000000000000000000e+00 5.000000000000000104e-03 5.000000000000000104e-03 6.890756302521008791e+00 6.890756302521008791e+00 4.000000000000000222e-01 2.000000000000000111e-01 0.000000000000000000e+00 2.000000000000000111e-01 4.000000000000000222e-01 5.961095831354510377e-01 5.999344149943013349e-01 6.036665908143719061e-01 6.132670933469417385e-01 6.216126774688537360e-01
-1.000000000000000021e-02 -1.000000000000000021e-02 0.000000000000000000e+00 5.000000000000000104e-03 5.000000000000000104e-03 7.054621848739495604e+00 7.054621848739495604e+00 4.000000000000000222e-01 2.000000000000000111e-01 0.000000000000000000e+00 2.000000000000000111e-01 4.000000000000000222e-01 5.987745759676433854e-01 6.024329822024786507e-01 6.072424373461670077e-01 6.154943877682024223e-01 6.240856244497797745e-01
-1.000000000000000021e-02 -1.000000000000000021e-02 0.000000000000000000e+00 5.000000000000000104e-03 5.000000000000000104e-03 7.218487394957983305e+00 7.218487394957983305e+00 4.000000000000000222e-01 2.000000000000000111e-01 0.000000000000000000e+00 2.000000000000000111e-01 4.000000000000000222e-01 6.024217771132358568e-01 6.051495044060960504e-01 6.086655104874791888e-01 6.178279684468559463e-01 6.255530474634081184e-01
-1.000000000000000021e-02 -1.000000000000000021e-02 0.000000000000000000e+00 5.000000000000000104e-03 5.000000000000000104e-03 7.382352941176471006e+00 7.382352941176471006e+00 4.000000000000000222e-01 2.000000000000000111e-01 0.000000000000000000e+00 2.000000000000000111e-01 4.000000000000000222e-01 6.048153527422613918e-01 6.081633058915684176e-01 6.115246472867489347e-01 6.202504368149763803e-01 6.282896200670468057e-01
-1.000000000000000021e-02 -1.000000000000000021e-02 0.000000000000000000e+00 5.000000000000000104e-03 5.000000000000000104e-03 7.546218487394957819e+00 7.546218487394957819e+00 4.000000000000000222e-01 2.000000000000000111e-01 0.000000000000000000e+00 2.000000000000000111e-01 4.000000000000000222e-01 6.078663123104327548e-01 6.110532050055841324e-01 6.140620101040296097e-01 6.219260147874043909e-01 6.301158243693669725e-01
-1.000000000000000021e-02 -1.000000000000000021e-02 0.000000000000000000e+00 5.000000000000000104e-03 5.000000000000000104e-03 7.710084033613445520e+00 7.710084033613445520e+00 4.000000000000000222e-01 2.000000000000000111e-01 0.000000000000000000e+00 2.000000000000000111e-01 4.000000000000000222e-01 6.096217873937136433e-01 6.133612567211171873e-01 6.165280756054553057e-01 6.244768714703892165e-01 6.313183240124388140e-01
-1.000000000000000021e-02 -1.000000000000000021e-02 0.000000000000000000e+00 5.000000000000000104e-03 5.000000000000000104e-03 7.873949579831933221e+00 7.873949579831933221e+00 4.000000000000000222e-01 2.000000000000000111e-01 0.000000000000000000e+00 2.000000000000000111e-01 4.000000000000000222e-01 6.120945335763834372e-01 6.161069785823880540e-01 6.187234255715915454e-01 6.265849138472150415e-01 6.337135210292341725e-01
-1.000000000000000021e-02 -1.000000000000000021e-02 0.000000000000000000e+00 5.000000000000000104e-03 5.000000000000000104e-03 8.037815126050420034e+00 8.037815126050420034e+00 4.000000000000000222e-01 2.000000000000000111e-01 0.000000000000000000e+00 2.000000000000000111e-01 4.000000000000000222e-01 6.151510828454026525e-01 6.175926245737412001e-01 6.215517625541148172e-01 6.280459901547066348e-01 6.352914813358943036e-01
-1.000000000000000021e-02 -1.000000000000000021e-02 0.000000000000000000e+00 5.000000000000000104e-03 5.000000000000000104e-03 8.201680672268906847e+00 8.201680672268906847e+00 4.000000000000000222e-01 2.000000000000000111e-01 0.000000000000000000e+00 2.000000000000000111e-01 4.000000000000000222e-01 6.177642525616885427e-01 6.202590902457515432e-01 6.231749766353157360e-01 6.299343727011812444e-01 6.370980244257469227e-01
-1.000000000000000021e-02 -1.000000000000000021e-02 0.000000000000000000e+00 5.000000000000000104e-03 5.000000000000000104e-03 8.365546218487395436e+00 8.365546218487395436e+00 4.000000000000000222e-01 2.000000000000000111e-01 0.000000000000000000e+00 2.000000000000000111e-01 4.000000000000000222e-01 6.198674678778838265e-01 6.228790683634023440e-01 6.244853371632654859e-01 6.321510692472819271e-01 6.385344623840329970e-01
-1.000000000000000021e-02 -1.000000000000000021e-02 0.000000000000000000e+00 5.000000000000000104e-03 5.000000000000000104e-03 8.529411764705882248e+00 8.529411764705882248e+00 4.000000000000000222e-01 2.000000000000000111e-01 0.000000000000000000e+00 2.000000000000000111e-01 4.000000000000000222e-01 6.219395409347944215e-01 6.242195440812170482e-01 6.271187648797386105e-01 6.338040616072181388e-01 6.404149971190665758e-01
-1.000000000000000021e-02 -1.000000000000000021e-02 0.000000000000000000e+00 5.000000000000000104e-03 5.000000000000000104e-03 8.693277310924369061e+00 8.693277310924369061e+00 4.000000000000000222e-01 2.000000000000000111e-01 0.000000000000000000e+00 2.000000000000000111e-01 4.000000000000000222e-01 6.244141972257192252e-01 6.267772124677272183e-01 6.294590395397180460e-01 6.359594751850622396e-01 6.422598140109689879e-01
-1.000000000000000021e-02 -1.000000000000000021e-02 0.000000000000000000e+00 5.000000000000000104e-03 5.000000000000000104e-03 8.857142857142857650e+00 8.857142857142857650e+00 4.000000000000000222e-01 2.000000000000000111e-01 0.000000000000000000e+00 2.000000000000000111e-01 4.000000000000000222e-01 6.262603789926770581e-01 6.291561650243620019e-01 6.310832242129638114e-01 6.373936995430916630e-01 6.437412776536338699e-01
-1.000000000000000021e-02 -1.000000000000000021e-02 0.000000000000000000e+00 5.000000000000000104e-03 5.000000000000000104e-03 9.021008403361344463e+00 9.021008403361344463e+00 4.000000000000000222e-01 2.000000000000000111e-01 0.000000000000000000e+00 2.000000000000000111e-01 4.000000000000000222e-01 6.286767686930636589e-01 6.305841704192653996e-01 6.326771746686885578e-01 6.392555294858522918e-01 6.447515668909264974e-01
-1.000000000000000021e-02 -1.000000000000000021e-02 0.000000000000000000e+00 5.000000000000000104e-03 5.000000000000000104e-03 9.184873949579831276e+00 9.184873949579831276e+00 4.000000000000000222e-01 2.000000000000000111e-01 0.000000000000000000e+00 2.000000000000000111e-01 4.000000000000000222e-01 6.308414450847176225e-01 6.323723625186066233e-01 6.349811819812384295e-01 6.403707636672032466e-01 6.465891056025210304e-01
-1.000000000000000021e-02 -1.000000000000000021e-02 0.000000000000000000e+00 5.000000000000000104e-03 5.000000000000000104e-03 9.348739495798319865e+00 9.348739495798319865e+00 4.000000000000000222e-01 2.000000000000000111e-01 0.000000000000000000e+00 2.000000000000000111e-01 4.000000000000000222e-01 6.324491603912908433e-01 6.344964844189067144e-01 6.362481629780244452e-01 6.426481737845414210e-01 6.481851570729266765e-01
-1.000000000000000021e-02 -1.000000000000000021e-02 0.000000000000000000e+00 5.000000000000000104e-03 5.000000000000000104e-03 9.512605042016806678e+00 9.512605042016806678e+00 4.000000000000000222e-01 2.000000000000000111e-01 0.000000000000000000e+00 2.000000000000000111e-01 4.000000000000000222e-01 6.342542702663007681e-01 6.366144704453146064e-01 6.387492276448399897e-01 6.435545074442761138e-01 6.493358358652306928e-01
-1.000000000000000021e-02 -1.000000000000000021e-02 0.000000000000000000e+00 5.000000000000000104e-03 5.000000000000000104e-03 9.676470588235293491e+00 9.676470588235293491e+00 4.000000000000000222e-01 2.000000000000000111e-01 0.000000000000000000e+00 2.000000000000000111e-01 4.000000000000000222e-01 6.365550167319284913e-01 6.384204475947786728e-01 6.398803426171367770e-01 6.460704221793214241e-01 6.511531312122031956e-01
-1.000000000000000021e-02 -1.000000000000000021e-02 0.000000000000000000e+00 5.000000000000000104e-03 5.000000000000000104e-03 9.840336134453782080e+00 9.840336134453782080e+00 4.000000000000000222e-01 2.000000000000000111e-01 0.000000000000000000e+00 2.000000000000000111e-01 4.000000000000000222e-01 6.390525022830384483e-01 6.400978496736530188e-01 6.409059768479387076e-01 6.467061413960065730e-01 6.527139821595817626e-01
-1.000000000000000021e-02 -1.000000000000000021e-02 0.000000000000000000e+00 5.000000000000000104e-03 5.000000000000000104e-03 1.000420168067226889e+01 1.000420168067226889e+01 4.000000000000000222e-01 2.000000000000000111e-01 0.000000000000000000e+00 2.000000000000000111e-01 4.000000000000000222e-01 6.405907797284705607e-01 6.420847203405936066e-01 6.428950991978875651e-01 6.483144779812859415e-01 6.538145449876451298e-01
-1.000000000000000021e-02 -1.000000000000000021e-02 0.000000000000000000e+00 5.000000000000000104e-03 5.000000000000000104e-03 1.016806722689075571e+01 1.016806722689075571e+01 4.000000000000000222e-01 2.000000000000000111e-01 0.000000000000000000e+00 2.000000000000000111e-01 4.000000000000000222e-01 6.413034834120053818e-01 6.431624477207249502e-01 6.450771140919765445e-01 6.503110444472951501e-01 6.547538424050608485e-01
-1.000000000000000021e-02 -1.000000000000000021e-02 0.000000000000000000e+00 5.000000000000000104e-03 5.000000000000000104e-03 1.033193277310924429e+01 1.033193277310924429e+01 4.000000000000000222e-01 2.000000000000000111e-01 0.000000000000000000e+00 2.000000000000000111e-01 4.000000000000000222e-01 6.437190252645961230e-01 6.443791423472965407e-01 6.466009752580635928e-01 6.512846178292316379e-01 6.563158114457473546e-01
-1.000000000000000021e-02 -1.000000000000000021e-02 0.000000000000000000e+00 5.000000000000000104e-03 5.000000000000000104e-03 1.049579831932773111e+01 1.049579831932773111e+01 4.000000000000000222e-01 2.000000000000000111e-01 0.000000000000000000e+00 2.000000000000000111e-01 4.000000000000000222e-01 6.457644224107501607e-01 6.466453147323452111e-01 6.477987010128209988e-01 6.529179421767938862e-01 6.573771878486749376e-01
-1.000000000000000021e-02 -1.000000000000000021e-02 0.000000000000000000e+00 5.000000000000000104e-03 5.000000000000000104e-03 1.065966386554621792e+01 1.065966386554621792e+01 4.000000000000000222e-01 2.000000000000000111e-01 0.000000000000000000e+00 2.000000000000000111e-01 4.000000000000000222e-01 6.463604797554510784e-01 6.476002666046479783e-01 6.493907691754526867e-01 6.541955010725228892e-01 6.581925390511756957e-01
-1.000000000000000021e-02 -1.000000000000000021e-02 0.000000000000000000e+00 5.000000000000000104e-03 5.000000000000000104e-03 1.082352941176470651e+01 1.082352941176470651e+01 4.000000000000000222e-01 2.000000000000000111e-01 0.000000000000000000e+00 2.000000000000000111e-01 4.000000000000000222e-01 6.484568224225939481e-01 6.494012113838942835e-01 6.509878648030071879e-01 6.554711508155043331e-01 6.599435345836732747e-01
-1.000000000000000021e-02 -1.000000000000000021e-02 0.000000000000000000e+00 5.000000000000000104e-03 5.000000000000000104e-03 1.098739495798319332e+01 1.098739495798319332e+01 4.000000000000000222e-01 2.000000000000000111e-01 0.000000000000000000e+00 2.000000000000000111e-01 4.000000000000000222e-01 6.500465270132955720e-01 6.511490097075859351e-01 6.523196327530135230e-01 6.571803459590855878e-01 6.612752107721741046e-01
-1.000000000000000021e-02 -1.000000000000000021e-02 0.000000000000000000e+00 5.000000000000000104e-03 5.000000000000000104e-03 1.115126050420168013e+01 1.115126050420168013e+01 4.000000000000000222e-01 2.000000000000000111e-01 0.000000000000000000e+00 2.000000000000000111e-01 4.000000000000000222e-01 6.518383008898924746e-01 6.525392899480101372e-01 6.537792477037727146e-01 6.580216269105987337e-01 6.622694534746579320e-01
-1.000000000000000021e-02 -1.000000000000000021e-02 0.000000000000000000e+00 5.000000000000000104e-03 5.000000000000000104e-03 1.131512605042016872e+01 1.131512605042016872e+01 4.000000000000000222e-01 2.000000000000000111e-01 0.000000000000000000e+00 2.000000000000000111e-01 4.000000000000000222e-01 6.528438094649825496e-01 6.541649926053166864e-01 6.545890916903225332e-01 6.599843523171678994e-01 6.640805202578737854e-01
-1.000000000000000021e-02 -1.000000000000000021e-02 0.000000000000000000e+00 5.000000000000000104e-03 5.000000000000000104e-03 1.147899159663865554e+01 1.147899159663865554e+01 4.000000000000000222e-01 2.000000000000000111e-01 0.000000000000000000e+00 2.000000000000000111e-01 4.000000000000000222e-01 6.544176352049435597e-01 6.558936521650770013e-01 6.555149659591794631e-01 6.602842569958138341e-01 6.650484292615880255e-01
-1.000000000000000021e-02 -1.000000000000000021e-02 0.000000000000000000e+00 5.000000000000000104e-03 5.000000000000000104e-03 1.164285714285714235e+01 1.164285714285714235e+01 4.000000000000000222e-01 2.000000000000000111e-01 0.000000000000000000e+00 2.000000000000000111e-01 4.000000000000000222e-01 6.564000821923846596e-01 6.570593986536538145e-01 6.569762784110040332e-01 6.619171732123888541e-01 6.662614120185814670e-01
-1.000000000000000021e-02 -1.000000000000000021e-02 0.000000000000000000e+00 5.000000000000000104e-03 5.000000000000000104e-03 1.180672268907563094e+01 1.180672268907563094e+01 4.000000000000000222e-01 2.000000000000000111e-01 0.000000000000000000e+00 2.000000000000000111e-01 4.000000000000000222e-01 6.574709406628418407e-01 6.586948901343475660e-01 6.580908527745754633e-01 6.628112094821634326e-01 6.671685622565790563e-01
-1.000000000000000021e-02 -1.000000000000000021e-02 0.000000000000000000e+00 5.000000000000000104e-03 5.000000000000000104e-03 1.197058823529411775e+01 1.197058823529411775e+01 4.000000000000000222e-01 2.000000000000000111e-01 0.000000000000000000e+00 2.000000000000000111e-01 4.000000000000000222e-01 6.586942139588736200e-01 6.593497042002701702e-01 6.597269256272315641e-01 6.644529179036838817e-01 6.680994314426074165e-01
-1.000000000000000021e-02 -1.000000000000000021e-02 0.000000000000000000e+00 5.000000000000000104e-03 5.000000000000000104e-03 1.213445378151260456e+01 1.213445378151260456e+01 4.000000000000000222e-01 2.000000000000000111e-01 0.000000000000000000e+00 2.000000000000000111e-01 4.000000000000000222e-01 6.605732244468756065e-01 6.608378391493753279e-01 6.608588666606759476e-01 6.657773873480761218e-01 6.691018029702386904e-01
-1.000000000000000021e-02 -1.000000000000000021e-02 0.000000000000000000e+00 5.000000000000000104e-03 5.000000000000000104e-03 1.229831932773109315e+01 1.229831932773109315e+01 4.000000000000000222e-01 2.000000000000000111e-01 0.000000000000000000e+00 2.000000000000000111e-01 4.000000000000000222e-01 6.617841585694712592e-01 6.618956849480845950e-01 6.618160692933044986e-01 6.665801565650757432e-01 6.701096537814346110e-01
-1.000000000000000021e-02 -1.000000000000000021e-02 0.000000000000000000e+00 5.000000000000000104e-03 5.000000000000000104e-03 1.246218487394957997e+01 1.246218487394957997e+01 4.000000000000000222e-01 2.000000000000000111e-01 0.000000000000000000e+00 2.000000000000000111e-01 4.000000000000000222e-01 6.630118473743285001e-01 6.632943159885987816e-01 6.633497422102579977e-01 6.677812898834277755e-01 6.714023573471893380e-01
-1.000000000000000021e-02 -1.000000000000000021e-02 0.000000000000000000e+00 5.000000000000000104e-03 5.000000000000000104e-03 1.262605042016806678e+01 1.262605042016806678e+01 4.000000000000000222e-01 2.000000000000000111e-01 0.000000000000000000e+00 2.000000000000000111e-01 4.000000000000000222e-01 6.645344975950212563e-01 6.649863579038123307e-01 6.645497083055474929e-01 6.688842081117285510e-01 6.727996231731120380e-01
-1.000000000000000021e-02 -1.000000000000000021e-02 0.000000000000000000e+00 5.000000000000000104e-03 5.000000000000000104e-03 1.278991596638655537e+01 1.278991596638655537e+01 4.000000000000000222e-01 2.000000000000000111e-01 0.000000000000000000e+00 2.000000000000000111e-01 4.000000000000000222e-01 6.656680363781447562e-01 6.658174842667409221e-01 6.653859238554643563e-01 6.699618007767940142e-01 6.735458942875598431e-01
-1.000000000000000021e-02 -1.000000000000000021e-02 0.000000000000000000e+00 5.000000000000000104e-03 5.000000000000000104e-03 1.295378151260504218e+01 1.295378151260504218e+01 4.000000000000000222e-01 2.000000000000000111e-01 0.000000000000000000e+00 2.000000000000000111e-01 4.000000000000000222e-01 6.660544019632350654e-01 6.673672324590693705e-01 6.670109580123801951e-01 6.707387697904294566e-01 6.742839113000094198e-01
-1.000000000000000021e-02 -1.000000000000000021e-02 0.000000000000000000e+00 5.000000000000000104e-03 5.000000000000000104e-03 1.311764705882352899e+01 1.311764705882352899e+01 4.000000000000000222e-01 2.000000000000000111e-01 0.000000000000000000e+00 2.000000000000000111e-01 4.000000000000000222e-01 6.676387486206751820e-01 6.682959571774552687e-01 6.679510323574934239e-01 6.722110502770537455e-01 6.759521258822509537e-01
-1.000000000000000021e-02 -1.000000000000000021e-02 0.000000000000000000e+00 5.000000000000000104e-03 5.000000000000000104e-03 1.328151260504201758e+01 1.328151260504201758e+01 4.000000000000000222e-01 2.000000000000000111e-01 0.000000000000000000e+00 2.000000000000000111e-01 4.000000000000000222e-01 6.684611822124016944e-01 6.694262162797309790e-01 6.688358484376306645e-01 6.729478934054096140e-01 6.763436783274975328e-01
-1.000000000000000021e-02 -1.000000000000000021e-02 0.000000000000000000e+00 5.000000000000000104e-03 5.000000000000000104e-03 1.344537815126050440e+01 1.344537815126050440e+01 4.000000000000000222e-01 2.000000000000000111e-01 0.000000000000000000e+00 2.000000000000000111e-01 4.000000000000000222e-01 6.702924494622950480e-01 6.705238167530829241e-01 6.702461107398146600e-01 6.741735583036500001e-01 6.776289941300692732e-01
-1.000000000000000021e-02 -1.000000000000000021e-02 0.000000000000000000e+00 5.000000000000000104e-03 5.000000000000000104e-03 1.360924369747899121e+01 1.360924369747899121e+01 4.000000000000000222e-01 2.000000000000000111e-01 0.000000000000000000e+00 2.000000000000000111e-01 4.000000000000000222e-01 6.712400924991248630e-01 6.723884071626226033e-01 6.708691017554752056e-01 6.753516750672886593e-01 6.780484691876550452e-01
-1.000000000000000021e-02 -1.000000000000000021e-02 0.000000000000000000e+00 5.000000000000000104e-03 5.000000000000000104e-03 1.377310924369747980e+01 1.377310924369747980e+01 4.000000000000000222e-01 2.000000000000000111e-01 0.000000000000000000e+00 2.000000000000000111e-01 4.000000000000000222e-01 6.725634428652789154e-01 6.728911208125627486e-01 6.723306543319395034e-01 6.761388834430739347e-01 6.794396954543551193e-01
-1.000000000000000021e-02 -1.000000000000000021e-02 0.000000000000000000e+00 5.000000000000000104e-03 5.000000000000000104e-03 1.393697478991596661e+01 1.393697478991596661e+01 4.000000000000000222e-01 2.000000000000000111e-01 0.000000000000000000e+00 2.000000000000000111e-01 4.000000000000000222e-01 6.737231282602984539e-01 6.736989046224057809e-01 6.731398905279085687e-01 6.767462118686776718e-01 6.805466961450346020e-01
-1.000000000000000021e-02 -1.000000000000000021e-02 0.000000000000000000e+00 5.000000000000000104e-03 5.000000000000000104e-03 1.410084033613445342e+01 1.410084033613445342e+01 4.000000000000000222e-01 2.000000000000000111e-01 0.000000000000000000e+00 2.000000000000000111e-01 4.000000000000000222e-01 6.745344580792472788e-01 6.747215203422489704e-01 6.737115878495429921e-01 6.780454697698120592e-01 6.813826033093848267e-01
-1.000000000000000021e-02 -1.000000000000000021e-02 0.000000000000000000e+00 5.000000000000000104e-03 5.000000000000000104e-03 1.426470588235294201e+01 1.426470588235294201e+01 4.000000000000000222e-01 2.000000000000000111e-01 0.000000000000000000e+00 2.000000000000000111e-01 4.000000000000000222e-01 6.760721563398798262e-01 6.763807078130830153e-01 6.749625846830398235e-01 6.789604322241835632e-01 6.813329718143366076e-01
-1.000000000000000021e-02 -1.000000000000000021e-02 0.000000000000000000e+00 5.000000000000000104e-03 5.000000000000000104e-03 1.442857142857142883e+01 1.442857142857142883e+01 4.000000000000000222e-01 2.000000000000000111e-01 0.000000000000000000e+00 2.000000000000000111e-01 4.000000000000000222e-01 6.768039096991654846e-01 6.768670967755612278e-01 6.759613936416988267e-01 6.793840192720898008e-01 6.828425138816773821e-01
-1.000000000000000021e-02 -1.000000000000000021e-02 0.000000000000000000e+00 5.000000000000000104e-03 5.000000000000000104e-03 1.459243697478991564e+01 1.459243697478991564e+01 4.000000000000000222e-01 2.000000000000000111e-01 0.000000000000000000e+00 2.000000000000000111e-01 4.000000000000000222e-01 6.778133318842178845e-01 6.781496606643604430e-01 6.764552567892405666e-01 6.808082495878281515e-01 6.836267708206092975e-01
-1.000000000000000021e-02 -1.000000000000000021e-02 0.000000000000000000e+00 5.000000000000000104e-03 5.000000000000000104e-03 1.475630252100840423e+01 1.475630252100840423e+01 4.000000000000000222e-01 2.000000000000000111e-01 0.000000000000000000e+00 2.000000000000000111e-01 4.000000000000000222e-01 6.789945951215854425e-01 6.791860342404179018e-01 6.779471306627609106e-01 6.815885442972712260e-01 6.844966285178514243e-01
-1.000000000000000021e-02 -1.000000000000000021e-02 0.000000000000000000e+00 5.000000000000000104e-03 5.000000000000000104e-03 1.492016806722689104e+01 1.492016806722689104e+01 4.000000000000000222e-01 2.000000000000000111e-01 0.000000000000000000e+00 2.000000000000000111e-01 4.000000000000000222e-01 6.800105834329015497e-01 6.805849421170498958e-01 6.787426269903431564e-01 6.824953597510854397e-01 6.856765547211930434e-01
-1.000000000000000021e-02 -1.000000000000000021e-02 0.000000000000000000e+00 5.000000000000000104e-03 5.000000000000000104e-03 1.508403361344537785e+01 1.508403361344537785e+01 4.000000000000000222e-01 2.000000000000000111e-01 0.000000000000000000e+00 2.000000000000000111e-01 4.000000000000000222e-01 6.807518657155370301e-01 6.809839214839777943e-01 6.798451830648976069e-01 6.835675184114120562e-01 6.866773132750713104e-01
-1.000000000000000021e-02 -1.000000000000000021e-02 0.000000000000000000e+00 5.000000000000000104e-03 5.000000000000000104e-03 1.524789915966386644e+01 1.524789915966386644e+01 4.000000000000000222e-01 2.000000000000000111e-01 0.000000000000000000e+00 2.000000000000000111e-01 4.000000000000000222e-01 6.821261728761377485e-01 6.819367889428868956e-01 6.810260180978261468e-01 6.845996146855609643e-01 6.871838865117930739e-01
-1.000000000000000021e-02 -1.000000000000000021e-02 0.000000000000000000e+00 5.000000000000000104e-03 5.000000000000000104e-03 1.541176470588235325e+01 1.541176470588235325e+01 4.000000000000000222e-01 2.000000000000000111e-01 0.000000000000000000e+00 2.000000000000000111e-01 4.000000000000000222e-01 6.826092499375713274e-01 6.828040141801324792e-01 6.817337416535735883e-01 6.853058371869051868e-01 6.878477934149009876e-01
-1.000000000000000021e-02 -1.000000000000000021e-02 0.000000000000000000e+00 5.000000000000000104e-03 5.000000000000000104e-03 1.557563025210084007e+01 1.557563025210084007e+01 4.000000000000000222e-01 2.000000000000000111e-01 0.000000000000000000e+00 2.000000000000000111e-01 4.000000000000000222e-01 6.844842470085094055e-01 6.839300535301726658e-01 6.822922933024857528e-01 6.861538254722201469e-01 6.887305389508847631e-01
-1.000000000000000021e-02 -1.000000000000000021e-02 0.000000000000000000e+00 5.000000000000000104e-03 5.000000000000000104e-03 1.573949579831932866e+01 1.573949579831932866e+01 4.000000000000000222e-01 2.000000000000000111e-01 0.000000000000000000e+00 2.000000000000000111e-01 4.000000000000000222e-01 6.844521934027260057e-01 6.843991840244081359e-01 6.833650345428678996e-01 6.869822494335331431e-01 6.890488195517160408e-01
-1.000000000000000021e-02 -1.000000000000000021e-02 0.000000000000000000e+00 5.000000000000000104e-03 5.000000000000000104e-03 1.590336134453781547e+01 1.590336134453781547e+01 4.000000000000000222e-01 2.000000000000000111e-01 0.000000000000000000e+00 2.000000000000000111e-01 4.000000000000000222e-01 6.859766746617576016e-01 6.853410760433946702e-01 6.838273317313990907e-01 6.878820592541644574e-01 6.906345951200082434e-01
-1.000000000000000021e-02 -1.000000000000000021e-02 0.000000000000000000e+00 5.000000000000000104e-03 5.000000000000000104e-03 1.606722689075630228e+01 1.606722689075630228e+01 4.000000000000000222e-01 2.000000000000000111e-01 0.000000000000000000e+00 2.000000000000000111e-01 4.000000000000000222e-01 6.864073162770102376e-01 6.866563502012923426e-01 6.847841056788308567e-01 6.887896658653083204e-01 6.910083369018518162e-01
-1.000000000000000021e-02 -1.000000000000000021e-02 0.000000000000000000e+00 5.000000000000000104e-03 5.000000000000000104e-03 1.623109243697479087e+01 1.623109243697479087e+01 4.000000000000000222e-01 2.000000000000000111e-01 0.000000000000000000e+00 2.000000000000000111e-01 4.000000000000000222e-01 6.881400458390447561e-01 6.880069145040221823e-01 6.858666713159473627e-01 6.897677509892176095e-01 6.918200665760123602e-01
-1.000000000000000021e-02 -1.000000000000000021e-02 0.000000000000000000e+00 5.000000000000000104e-03 5.000000000000000104e-03 1.639495798319327946e+01 1.639495798319327946e+01 4.000000000000000222e-01 2.000000000000000111e-01 0.000000000000000000e+00 2.000000000000000111e-01 4.000000000000000222e-01 6.883246702464974609e-01 6.887395770052153754e-01 6.865109849391892727e-01 6.902141031749049471e-01 6.924879833547387120e-01
-1.000000000000000021e-02 -1.000000000000000021e-02 0.000000000000000000e+00 5.000000000000000104e-03 5.000000000000000104e-03 1.655882352941176450e+01 1.655882352941176450e+01 4.000000000000000222e-01 2.000000000000000111e-01 0.000000000000000000e+00 2.000000000000000111e-01 4.000000000000000222e-01 6.890904178714319928e-01 6.889932635522157955e-01 6.877273405453847577e-01 6.912438136690123303e-01 6.930928226136453540e-01
-1.000000000000000021e-02 -1.000000000000000021e-02 0.000000000000000000e+00 5.000000000000000104e-03 5.000000000000000104e-03 1.672268907563025309e+01 1.672268907563025309e+01 4.000000000000000222e-01 2.000000000000000111e-01 0.000000000000000000e+00 2.000000000000000111e-01 4.000000000000000222e-01 6.895949166119620388e-01 6.897797432088531577e-01 6.876922603935415879e-01 6.918835944905127322e-01 6.942738054936866687e-01
-1.000000000000000021e-02 -1.000000000000000021e-02 0.000000000000000000e+00 5.000000000000000104e-03 5.000000000000000104e-03 1.688655462184873812e+01 1.688655462184873812e+01 4.000000000000000222e-01 2.000000000000000111e-01 0.000000000000000000e+00 2.000000000000000111e-01 4.000000000000000222e-01 6.906716653093347702e-01 6.905815083933718457e-01 6.894271033818535344e-01 6.925190087142126805e-01 6.948245140949517173e-01
-1.000000000000000021e-02 -1.000000000000000021e-02 0.000000000000000000e+00 5.000000000000000104e-03 5.000000000000000104e-03 1.705042016806722671e+01 1.705042016806722671e+01 4.000000000000000222e-01 2.000000000000000111e-01 0.000000000000000000e+00 2.000000000000000111e-01 4.000000000000000222e-01 6.919363613502708121e-01 6.916264741822556461e-01 6.893827648172710099e-01 6.928869832110369220e-01 6.956261839144882719e-01
-1.000000000000000021e-02 -1.000000000000000021e-02 0.000000000000000000e+00 5.000000000000000104e-03 5.000000000000000104e-03 1.721428571428571530e+01 1.721428571428571530e+01 4.000000000000000222e-01 2.000000000000000111e-01 0.000000000000000000e+00 2.000000000000000111e-01 4.000000000000000222e-01 6.925543181764852729e-01 6.922249575006946820e-01 6.904648704911082735e-01 6.939421132377038282e-01 6.961698588025349022e-01
-1.000000000000000021e-02 -1.000000000000000021e-02 0.000000000000000000e+00 5.000000000000000104e-03 5.000000000000000104e-03 1.737815126050420034e+01 1.737815126050420034e+01 4.000000000000000222e-01 2.000000000000000111e-01 0.000000000000000000e+00 2.000000000000000111e-01 4.000000000000000222e-01 6.928215762786532617e-01 6.936699818809358709e-01 6.913550903883532994e-01 6.947751382563803757e-01 6.967914660029047580e-01
-1.000000000000000021e-02 -1.000000000000000021e-02 0.000000000000000000e+00 5.000000000000000104e-03 5.000000000000000104e-03 1.754201680672268893e+01 1.754201680672268893e+01 4.000000000000000222e-01 2.000000000000000111e-01 0.000000000000000000e+00 2.000000000000000111e-01 4.000000000000000222e-01 6.937949703523177414e-01 6.940039201828123172e-01 6.919533362099902218e-01 6.956663453062426061e-01 6.976276230723207350e-01
-1.000000000000000021e-02 -1.000000000000000021e-02 0.000000000000000000e+00 5.000000000000000104e-03 5.000000000000000104e-03 1.770588235294117752e+01 1.770588235294117752e+01 4.000000000000000222e-01 2.000000000000000111e-01 0.000000000000000000e+00 2.000000000000000111e-01 4.000000000000000222e-01 6.951677090255018454e-01 6.946613713691038861e-01 6.928106705926548869e-01 6.959662934240521404e-01 6.984776634931411099e-01
-1.000000000000000021e-02 -1.000000000000000021e-02 0.000000000000000000e+00 5.000000000000000104e-03 5.000000000000000104e-03 1.786974789915966255e+01 1.786974789915966255e+01 4.000000000000000222e-01 2.000000000000000111e-01 0.000000000000000000e+00 2.000000000000000111e-01 4.000000000000000222e-01 6.957021921348834903e-01 6.956479453644972555e-01 6.934900739063348807e-01 6.971523008316622416e-01 6.988872656043231268e-01
-1.000000000000000021e-02 -1.000000000000000021e-02 0.000000000000000000e+00 5.000000000000000104e-03 5.000000000000000104e-03 1.803361344537815114e+01 1.803361344537815114e+01 4.000000000000000222e-01 2.000000000000000111e-01 0.000000000000000000e+00 2.000000000000000111e-01 4.000000000000000222e-01 6.965778618525787502e-01 6.964881713343147318e-01 6.940710451718548057e-01 6.980146450548226911e-01 6.999075754246880665e-01
-1.000000000000000021e-02 -1.000000000000000021e-02 0.000000000000000000e+00 5.000000000000000104e-03 5.000000000000000104e-03 1.819747899159663973e+01 1.819747899159663973e+01 4.000000000000000222e-01 2.000000000000000111e-01 0.000000000000000000e+00 2.000000000000000111e-01 4.000000000000000222e-01 6.973930980281172198e-01 6.968643671116746541e-01 6.949220734237209207e-01 6.983921903720520241e-01 7.007325077996300333e-01
-1.000000000000000021e-02 -1.000000000000000021e-02 0.000000000000000000e+00 5.000000000000000104e-03 5.000000000000000104e-03 1.836134453781512477e+01 1.836134453781512477e+01 4.000000000000000222e-01 2.000000000000000111e-01 0.000000000000000000e+00 2.000000000000000111e-01 4.000000000000000222e-01 6.981184861923699358e-01 6.977754196841269296e-01 6.958072449761646405e-01 6.990536737920083343e-01 7.009347460948418540e-01
-1.000000000000000021e-02 -1.000000000000000021e-02 0.000000000000000000e+00 5.000000000000000104e-03 5.000000000000000104e-03 1.852521008403361336e+01 1.852521008403361336e+01 4.000000000000000222e-01 2.000000000000000111e-01 0.000000000000000000e+00 2.000000000000000111e-01 4.000000000000000222e-01 6.985083577468134131e-01 6.985210994513907368e-01 6.959882003786129756e-01 7.002018320961701514e-01 7.020818845322333024e-01
-1.000000000000000021e-02 -1.000000000000000021e-02 0.000000000000000000e+00 5.000000000000000104e-03 5.000000000000000104e-03 1.868907563025210194e+01 1.868907563025210194e+01 4.000000000000000222e-01 2.000000000000000111e-01 0.000000000000000000e+00 2.000000000000000111e-01 4.000000000000000222e-01 6.994475946700132729e-01 6.994526768687666651e-01 6.968895857230027469e-01 7.007851538598987018e-01 7.024186860793854015e-01
-1.000000000000000021e-02 -1.000000000000000021e-02 0.000000000000000000e+00 5.000000000000000104e-03 5.000000000000000104e-03 1.885294117647058698e+01 1.885294117647058698e+01 4.000000000000000222e-01 2.000000000000000111e-01 0.000000000000000000e+00 2.000000000000000111e-01 4.000000000000000222e-01 6.999937594373163430e-01 7.000414678781917699e-01 6.977420612074038964e-01 7.012799421496989094e-01 7.031372339664118121e-01
-1.000000000000000021e-02 -1.000000000000000021e-02 0.000000000000000000e+00 5.000000000000000104e-03 5.000000000000000104e-03 1.901680672268907557e+01 1.901680672268907557e+01 4.000000000000000222e-01 2.000000000000000111e-01 0.000000000000000000e+00 2.000000000000000111e-01 4.000000000000000222e-01 7.009676848224400958e-01 7.008876416395908304e-01 6.986427078027368509e-01 7.019006552948854338e-01 7.041249837568591685e-01
-1.000000000000000021e-02 -1.000000000000000021e-02 0.000000000000000000e+00 5.000000000000000104e-03 5.000000000000000104e-03 1.918067226890756416e+01 1.918067226890756416e+01 4.000000000000000222e-01 2.000000000000000111e-01 0.000000000000000000e+00 2.000000000000000111e-01 4.000000000000000222e-01 7.016290561259231895e-01 7.012576510673812491e-01 6.987746920982119692e-01 7.026051820441483464e-01 7.039637656276493960e-01
-1.000000000000000021e-02 -1.000000000000000021e-02 0.000000000000000000e+00 5.000000000000000104e-03 5.000000000000000104e-03 1.934453781512604920e+01 1.934453781512604920e+01 4.000000000000000222e-01 2.000000000000000111e-01 0.000000000000000000e+00 2.000000000000000111e-01 4.000000000000000222e-01 7.022367187039608716e-01 7.022818949353484275e-01 6.997936110267449772e-01 7.031768124813745358e-01 7.049820344934263350e-01
-1.000000000000000021e-02 -1.000000000000000021e-02 0.000000000000000000e+00 5.000000000000000104e-03 5.000000000000000104e-03 1.950840336134453779e+01 1.950840336134453779e+01 4.000000000000000222e-01 2.000000000000000111e-01 0.000000000000000000e+00 2.000000000000000111e-01 4.000000000000000222e-01 7.032981262498325670e-01 7.026472073053896539e-01 7.005733409492965746e-01 7.043405718975124241e-01 7.057171406916701306e-01
-1.000000000000000021e-02 -1.000000000000000021e-02 0.000000000000000000e+00 5.000000000000000104e-03 5.000000000000000104e-03 1.967226890756302637e+01 1.967226890756302637e+01 4.000000000000000222e-01 2.000000000000000111e-01 0.000000000000000000e+00 2.000000000000000111e-01 4.000000000000000222e-01 7.039486981856654113e-01 7.036087418562465556e-01 7.009858573608150900e-01 7.046805036778432951e-01 7.060811651122861354e-01
-1.000000000000000021e-02 -1.000000000000000021e-02 0.000000000000000000e+00 5.000000000000000104e-03 5.000000000000000104e-03 1.983613445378151141e+01 1.983613445378151141e+01 4.000000000000000222e-01 2.000000000000000111e-01 0.000000000000000000e+00 2.000000000000000111e-01 4.000000000000000222e-01 7.041009063611521901e-01 7.044131212069808523e-01 7.015603393776539409e-01 7.051616662909173661e-01 7.066756460630700953e-01
-1.000000000000000021e-02 -1.000000000000000021e-02 0.000000000000000000e+00 5.000000000000000104e-03 5.000000000000000104e-03 2.000000000000000000e+01 2.000000000000000000e+01 4.000000000000000222e-01 2.000000000000000111e-01 0.000000000000000000e+00 2.000000000000000111e-01 4.000000000000000222e-01 7.050874369790318674e-01 7.046273682889435674e-01 7.017464123286134559e-01 7.055679468257353149e-01 7.072353472743913017e-01
