-1.000000000000000021e-02 -1.000000000000000021e-02 0.000000000000000000e+00 5.000000000000000104e-03 5.000000000000000104e-03 1.000000000000000000e+00 1.000000000000000000e+00 4.000000000000000222e-01 2.000000000000000111e-01 0.000000000000000000e+00 2.000000000000000111e-01 4.000000000000000222e-01 4.124593303817921663e-01 4.179977039908595593e-01 4.251914394550646570e-01 4.532545994610182039e-01 4.804920924235293600e-01
-1.000000000000000021e-02 -1.000000000000000021e-02 0.000000000000000000e+00 5.000000000000000104e-03 5.000000000000000104e-03 1.159663865546218364e+00 1.159663865546218364e+00 4.000000000000000222e-01 2.000000000000000111e-01 0.000000000000000000e+00 2.000000000000000111e-01 4.000000000000000222e-01 4.024984133024606670e-01 4.064050121933395765e-01 4.138305213299466878e-01 4.466635164939662950e-01 4.777169835943484988e-01
-1.000000000000000021e-02 -1.000000000000000021e-02 0.000000000000000000e+00 5.000000000000000104e-03 5.000000000000000104e-03 1.319327731092436951e+00 1.319327731092436951e+00 4.000000000000000222e-01 2.000000000000000111e-01 0.000000000000000000e+00 2.000000000000000111e-01 4.000000000000000222e-01 3.936056185649025041e-01 3.958733241267212710e-01 4.020557238482491691e-01 4.394142011720144070e-01 4.748346813385562193e-01
-1.000000000000000021e-02 -1.000000000000000021e-02 0.000000000000000000e+00 5.000000000000000104e-03 5.000000000000000104e-03 1.478991596638655537e+00 1.478991596638655537e+00 4.000000000000000222e-01 2.000000000000000111e-01 0.000000000000000000e+00 2.000000000000000111e-01 4.000000000000000222e-01 3.847466483775035528e-01 3.866035696648469910e-01 3.923187535109417534e-01 4.333043805204320753e-01 4.742365543731600352e-01
-1.000000000000000021e-02 -1.000000000000000021e-02 0.000000000000000000e+00 5.000000000000000104e-03 5.000000000000000104e-03 1.638655462184873901e+00 1.638655462184873901e+00 4.000000000000000222e-01 2.000000000000000111e-01 0.000000000000000000e+00 2.000000000000000111e-01 4.000000000000000222e-01 3.784527516168716965e-01 3.792377604669991409e-01 3.836752863171876138e-01 4.291852089162512263e-01 4.716608987272928877e-01
-1.000000000000000021e-02 -1.000000000000000021e-02 0.000000000000000000e+00 5.000000000000000104e-03 5.000000000000000104e-03 1.798319327731092265e+00 1.798319327731092265e+00 4.000000000000000222e-01 2.000000000000000111e-01 0.000000000000000000e+00 2.000000000000000111e-01 4.000000000000000222e-01 3.721280422256768028e-01 3.715883696997829277e-01 3.754576440060266584e-01 4.246952754533902530e-01 4.710247947531405743e-01
-1.000000000000000021e-02 -1.000000000000000021e-02 0.000000000000000000e+00 5.000000000000000104e-03 5.000000000000000104e-03 1.957983193277310852e+00 1.957983193277310852e+00 4.000000000000000222e-01 2.000000000000000111e-01 0.000000000000000000e+00 2.000000000000000111e-01 4.000000000000000222e-01 3.674342164514087239e-01 3.663866752503113222e-01 3.690063136964171764e-01 4.216425659447845531e-01 4.705775176357039347e-01
-1.000000000000000021e-02 -1.000000000000000021e-02 0.000000000000000000e+00 5.000000000000000104e-03 5.000000000000000104e-03 2.117647058823529438e+00 2.117647058823529438e+00 4.000000000000000222e-01 2.000000000000000111e-01 0.000000000000000000e+00 2.000000000000000111e-01 4.000000000000000222e-01 3.639281088366329575e-01 3.619104152105258043e-01 3.640406415158543574e-01 4.192109009936665909e-01 4.707699459513361995e-01
-1.000000000000000021e-02 -1.000000000000000021e-02 0.000000000000000000e+00 5.000000000000000104e-03 5.000000000000000104e-03 2.277310924369747802e+00 2.277310924369747802e+00 4.000000000000000222e-01 2.000000000000000111e-01 0.000000000000000000e+00 2.000000000000000111e-01 4.000000000000000222e-01 3.610733342069315510e-01 3.589643875336407941e-01 3.601325024377796669e-01 4.177312137684189297e-01 4.717889350758596168e-01
-1.000000000000000021e-02 -1.000000000000000021e-02 0.000000000000000000e+00 5.000000000000000104e-03 5.000000000000000104e-03 2.436974789915966166e+00 2.436974789915966166e+00 4.000000000000000222e-01 2.000000000000000111e-01 0.000000000000000000e+00 2.000000000000000111e-01 4.000000000000000222e-01 3.608431310024686200e-01 3.569294562981303875e-01 3.565335618830511311e-01 4.170578864611522718e-01 4.729345044280860999e-01
-1.000000000000000021e-02 -1.000000000000000021e-02 0.000000000000000000e+00 5.000000000000000104e-03 5.000000000000000104e-03 2.596638655462184531e+00 2.596638655462184531e+00 4.000000000000000222e-01 2.000000000000000111e-01 0.000000000000000000e+00 2.000000000000000111e-01 4.000000000000000222e-01 3.614889367829889899e-01 3.555783666866328407e-01 3.537843266521353836e-01 4.172928607661895439e-01 4.764476488104535945e-01
-1.000000000000000021e-02 -1.000000000000000021e-02 0.000000000000000000e+00 5.000000000000000104e-03 5.000000000000000104e-03 2.756302521008403339e+00 2.756302521008403339e+00 4.000000000000000222e-01 2.000000000000000111e-01 0.000000000000000000e+00 2.000000000000000111e-01 4.000000000000000222e-01 3.616798626165852459e-01 3.558941194240577977e-01 3.531262156402620311e-01 4.181068528864623768e-01 4.772613417840720351e-01
-1.000000000000000021e-02 -1.000000000000000021e-02 0.000000000000000000e+00 5.000000000000000104e-03 5.000000000000000104e-03 2.915966386554621703e+00 2.915966386554621703e+00 4.000000000000000222e-01 2.000000000000000111e-01 0.000000000000000000e+00 2.000000000000000111e-01 4.000000000000000222e-01 3.642559151669030881e-01 3.567245072727780464e-01 3.542169482138406988e-01 4.201337559989953840e-01 4.805016306213032440e-01
-1.000000000000000021e-02 -1.000000000000000021e-02 0.000000000000000000e+00 5.000000000000000104e-03 5.000000000000000104e-03 3.075630252100840067e+00 3.075630252100840067e+00 4.000000000000000222e-01 2.000000000000000111e-01 0.000000000000000000e+00 2.000000000000000111e-01 4.000000000000000222e-01 3.674444339452724306e-01 3.595806373364860975e-01 3.554389495299764556e-01 4.230076636596403761e-01 4.840277886085945225e-01
-1.000000000000000021e-02 -1.000000000000000021e-02 0.000000000000000000e+00 5.000000000000000104e-03 5.000000000000000104e-03 3.235294117647058876e+00 3.235294117647058876e+00 4.000000000000000222e-01 2.000000000000000111e-01 0.000000000000000000e+00 2.000000000000000111e-01 4.000000000000000222e-01 3.687968268632713098e-01 3.623875843148329223e-01 3.582094158859506217e-01 4.269466492492449139e-01 4.883157021328165537e-01
-1.000000000000000021e-02 -1.000000000000000021e-02 0.000000000000000000e+00 5.000000000000000104e-03 5.000000000000000104e-03 3.394957983193277240e+00 3.394957983193277240e+00 4.000000000000000222e-01 2.000000000000000111e-01 0.000000000000000000e+00 2.000000000000000111e-01 4.000000000000000222e-01 3.730428173703877470e-01 3.652134081750754158e-01 3.613509590484391687e-01 4.285504522345665590e-01 4.914531467931314013e-01
-1.000000000000000021e-02 -1.000000000000000021e-02 0.000000000000000000e+00 5.000000000000000104e-03 5.000000000000000104e-03 3.554621848739495604e+00 3.554621848739495604e+00 4.000000000000000222e-01 2.000000000000000111e-01 0.000000000000000000e+00 2.000000000000000111e-01 4.000000000000000222e-01 3.782277201067462125e-01 3.695345467681397933e-01 3.656843500905673228e-01 4.332846525423879047e-01 4.936930271740471721e-01
-1.000000000000000021e-02 -1.000000000000000021e-02 0.000000000000000000e+00 5.000000000000000104e-03 5.000000000000000104e-03 3.714285714285713969e+00 3.714285714285713969e+00 4.000000000000000222e-01 2.000000000000000111e-01 0.000000000000000000e+00 2.000000000000000111e-01 4.000000000000000222e-01 3.845685092052865683e-01 3.761789740102362556e-01 3.694934069276519240e-01 4.382749363897086581e-01 4.993733329843360602e-01
-1.000000000000000021e-02 -1.000000000000000021e-02 0.000000000000000000e+00 5.000000000000000104e-03 5.000000000000000104e-03 3.873949579831932333e+00 3.873949579831932333e+00 4.000000000000000222e-01 2.000000000000000111e-01 0.000000000000000000e+00 2.000000000000000111e-01 4.000000000000000222e-01 3.898303765712212710e-01 3.798949671958540830e-01 3.736734263030654923e-01 4.437813244614353669e-01 5.032263687513180983e-01
-1.000000000000000021e-02 -1.000000000000000021e-02 0.000000000000000000e+00 5.000000000000000104e-03 5.000000000000000104e-03 4.033613445378151141e+00 4.033613445378151141e+00 4.000000000000000222e-01 2.000000000000000111e-01 0.000000000000000000e+00 2.000000000000000111e-01 4.000000000000000222e-01 3.956717590559176156e-01 3.869212357867127805e-01 3.807734977948318833e-01 4.498999963893784426e-01 5.072983623377632645e-01
-1.000000000000000021e-02 -1.000000000000000021e-02 0.000000000000000000e+00 5.000000000000000104e-03 5.000000000000000104e-03 4.193277310924369061e+00 4.193277310924369061e+00 4.000000000000000222e-01 2.000000000000000111e-01 0.000000000000000000e+00 2.000000000000000111e-01 4.000000000000000222e-01 4.016851775085629739e-01 3.931567717994402522e-01 3.876257501619318480e-01 4.539375667131307912e-01 5.123311374268497698e-01
-1.000000000000000021e-02 -1.000000000000000021e-02 0.000000000000000000e+00 5.000000000000000104e-03 5.000000000000000104e-03 4.352941176470587870e+00 4.352941176470587870e+00 4.000000000000000222e-01 2.000000000000000111e-01 0.000000000000000000e+00 2.000000000000000111e-01 4.000000000000000222e-01 4.092747146118345669e-01 3.988168957973718398e-01 3.927319268005174946e-01 4.592062598621980407e-01 5.164395427509390624e-01
-1.000000000000000021e-02 -1.000000000000000021e-02 0.000000000000000000e+00 5.000000000000000104e-03 5.000000000000000104e-03 4.512605042016806678e+00 4.512605042016806678e+00 4.000000000000000222e-01 2.000000000000000111e-01 0.000000000000000000e+00 2.000000000000000111e-01 4.000000000000000222e-01 4.151947904688823021e-01 4.066500539552966864e-01 3.999610544734811812e-01 4.658036963089454696e-01 5.214954941641605224e-01
-1.000000000000000021e-02 -1.000000000000000021e-02 0.000000000000000000e+00 5.000000000000000104e-03 5.000000000000000104e-03 4.672268907563024598e+00 4.672268907563024598e+00 4.000000000000000222e-01 2.000000000000000111e-01 0.000000000000000000e+00 2.000000000000000111e-01 4.000000000000000222e-01 4.242309232060733626e-01 4.142439080316943634e-01 4.055179753520415931e-01 4.726065372131748599e-01 5.255737537473027521e-01
-1.000000000000000021e-02 -1.000000000000000021e-02 0.000000000000000000e+00 5.000000000000000104e-03 5.000000000000000104e-03 4.831932773109243406e+00 4.831932773109243406e+00 4.000000000000000222e-01 2.000000000000000111e-01 0.000000000000000000e+00 2.000000000000000111e-01 4.000000000000000222e-01 4.291701744084674974e-01 4.209200383973034088e-01 4.145991469273853647e-01 4.776629068205718864e-01 5.287087299482198244e-01
-1.000000000000000021e-02 -1.000000000000000021e-02 0.000000000000000000e+00 5.000000000000000104e-03 5.000000000000000104e-03 4.991596638655462215e+00 4.991596638655462215e+00 4.000000000000000222e-01 2.000000000000000111e-01 0.000000000000000000e+00 2.000000000000000111e-01 4.000000000000000222e-01 4.362267033289650708e-01 4.270478249047120478e-01 4.215479252537408517e-01 4.825407251128054908e-01 5.341823361893859312e-01
-1.000000000000000021e-02 -1.000000000000000021e-02 0.000000000000000000e+00 5.000000000000000104e-03 5.000000000000000104e-03 5.151260504201680135e+00 5.151260504201680135e+00 4.000000000000000222e-01 2.000000000000000111e-01 0.000000000000000000e+00 2.000000000000000111e-01 4.000000000000000222e-01 4.441784472168464060e-01 4.358454077085671119e-01 4.299421829688564456e-01 4.885941235284169126e-01 5.384380528617808137e-01
-1.000000000000000021e-02 -1.000000000000000021e-02 0.000000000000000000e+00 5.000000000000000104e-03 5.000000000000000104e-03 5.310924369747898943e+00 5.310924369747898943e+00 4.000000000000000222e-01 2.000000000000000111e-01 0.000000000000000000e+00 2.000000000000000111e-01 4.000000000000000222e-01 4.509316572083368335e-01 4.429363903218232479e-01 4.367625413424738312e-01 4.946705501902644020e-01 5.425391120204619000e-01
-1.000000000000000021e-02 -1.000000000000000021e-02 0.000000000000000000e+00 5.000000000000000104e-03 5.000000000000000104e-03 5.470588235294117752e+00 5.470588235294117752e+00 4.000000000000000222e-01 2.000000000000000111e-01 0.000000000000000000e+00 2.000000000000000111e-01 4.000000000000000222e-01 4.578827730161505460e-01 4.494920627927895818e-01 4.437579454910693944e-01 5.001859092018611230e-01 5.467612348381380993e-01
-1.000000000000000021e-02 -1.000000000000000021e-02 0.000000000000000000e+00 5.000000000000000104e-03 5.000000000000000104e-03 5.630252100840335672e+00 5.630252100840335672e+00 4.000000000000000222e-01 2.000000000000000111e-01 0.000000000000000000e+00 2.000000000000000111e-01 4.000000000000000222e-01 4.643237279879757762e-01 4.574557323079534443e-01 4.514068604848817112e-01 5.067673529677692024e-01 5.501258080681814544e-01
-1.000000000000000021e-02 -1.000000000000000021e-02 0.000000000000000000e+00 5.000000000000000104e-03 5.000000000000000104e-03 5.789915966386554480e+00 5.789915966386554480e+00 4.000000000000000222e-01 2.000000000000000111e-01 0.000000000000000000e+00 2.000000000000000111e-01 4.000000000000000222e-01 4.702902069443420929e-01 4.635278552971370813e-01 4.595787633381757664e-01 5.100794527412824131e-01 5.540615601513594335e-01
-1.000000000000000021e-02 -1.000000000000000021e-02 0.000000000000000000e+00 5.000000000000000104e-03 5.000000000000000104e-03 5.949579831932772400e+00 5.949579831932772400e+00 4.000000000000000222e-01 2.000000000000000111e-01 0.000000000000000000e+00 2.000000000000000111e-01 4.000000000000000222e-01 4.782191271202144156e-01 4.716614314297170596e-01 4.664182745102674610e-01 5.184807760888190398e-01 5.583219906335451510e-01
-1.000000000000000021e-02 -1.000000000000000021e-02 0.000000000000000000e+00 5.000000000000000104e-03 5.000000000000000104e-03 6.109243697478991209e+00 6.109243697478991209e+00 4.000000000000000222e-01 2.000000000000000111e-01 0.000000000000000000e+00 2.000000000000000111e-01 4.000000000000000222e-01 4.848080345457096985e-01 4.786133257953222864e-01 4.744614509121654056e-01 5.229021942460948535e-01 5.619634964478168460e-01
-1.000000000000000021e-02 -1.000000000000000021e-02 0.000000000000000000e+00 5.000000000000000104e-03 5.000000000000000104e-03 6.268907563025210017e+00 6.268907563025210017e+00 4.000000000000000222e-01 2.000000000000000111e-01 0.000000000000000000e+00 2.000000000000000111e-01 4.000000000000000222e-01 4.902949785099144919e-01 4.862144798230422782e-01 4.791974745769961297e-01 5.272090821467724231e-01 5.664297044675228321e-01
-1.000000000000000021e-02 -1.000000000000000021e-02 0.000000000000000000e+00 5.000000000000000104e-03 5.000000000000000104e-03 6.428571428571427937e+00 6.428571428571427937e+00 4.000000000000000222e-01 2.000000000000000111e-01 0.000000000000000000e+00 2.000000000000000111e-01 4.000000000000000222e-01 4.967184815399136033e-01 4.909135414964707067e-01 4.879322218052529192e-01 5.334033359192468238e-01 5.694423713997992520e-01
-1.000000000000000021e-02 -1.000000000000000021e-02 0.000000000000000000e+00 5.000000000000000104e-03 5.000000000000000104e-03 6.588235294117646745e+00 6.588235294117646745e+00 4.000000000000000222e-01 2.000000000000000111e-01 0.000000000000000000e+00 2.000000000000000111e-01 4.000000000000000222e-01 5.030382560754069754e-01 4.981619616299994835e-01 4.938929211187502721e-01 5.377932316423403858e-01 5.735361080810522649e-01
-1.000000000000000021e-02 -1.000000000000000021e-02 0.000000000000000000e+00 5.000000000000000104e-03 5.000000000000000104e-03 6.747899159663864666e+00 6.747899159663864666e+00 4.000000000000000222e-01 2.000000000000000111e-01 0.000000000000000000e+00 2.000000000000000111e-01 4.000000000000000222e-01 5.093822742800339087e-01 5.032426426372171857e-01 4.996619029567225811e-01 5.429763667935942895e-01 5.761709061646677066e-01
-1.000000000000000021e-02 -1.000000000000000021e-02 0.000000000000000000e+00 5.000000000000000104e-03 5.000000000000000104e-03 6.907563025210083474e+00 6.907563025210083474e+00 4.000000000000000222e-01 2.000000000000000111e-01 0.000000000000000000e+00 2.000000000000000111e-01 4.000000000000000222e-01 5.152326747209372559e-01 5.102369815961875776e-01 5.065283839747952710e-01 5.461069344846414264e-01 5.800049560762510215e-01
-1.000000000000000021e-02 -1.000000000000000021e-02 0.000000000000000000e+00 5.000000000000000104e-03 5.000000000000000104e-03 7.067226890756302282e+00 7.067226890756302282e+00 4.000000000000000222e-01 2.000000000000000111e-01 0.000000000000000000e+00 2.000000000000000111e-01 4.000000000000000222e-01 5.205043564566942393e-01 5.158178513038897961e-01 5.128141524820338804e-01 5.517929747687485564e-01 5.839452257706679861e-01
-1.000000000000000021e-02 -1.000000000000000021e-02 0.000000000000000000e+00 5.000000000000000104e-03 5.000000000000000104e-03 7.226890756302520202e+00 7.226890756302520202e+00 4.000000000000000222e-01 2.000000000000000111e-01 0.000000000000000000e+00 2.000000000000000111e-01 4.000000000000000222e-01 5.253341352919803642e-01 5.225606436662515453e-01 5.187083713489526460e-01 5.562262397540375103e-01 5.871498336860672129e-01
-1.000000000000000021e-02 -1.000000000000000021e-02 0.000000000000000000e+00 5.000000000000000104e-03 5.000000000000000104e-03 7.386554621848739011e+00 7.386554621848739011e+00 4.000000000000000222e-01 2.000000000000000111e-01 0.000000000000000000e+00 2.000000000000000111e-01 4.000000000000000222e-01 5.325769555173088809e-01 5.273697191694222131e-01 5.245209102248628019e-01 5.607206446625428997e-01 5.905186977915003466e-01
-1.000000000000000021e-02 -1.000000000000000021e-02 0.000000000000000000e+00 5.000000000000000104e-03 5.000000000000000104e-03 7.546218487394957819e+00 7.546218487394957819e+00 4.000000000000000222e-01 2.000000000000000111e-01 0.000000000000000000e+00 2.000000000000000111e-01 4.000000000000000222e-01 5.374231514349945282e-01 5.337569604327855322e-01 5.292693106514279044e-01 5.656549084094918411e-01 5.944682991096423841e-01
-1.000000000000000021e-02 -1.000000000000000021e-02 0.000000000000000000e+00 5.000000000000000104e-03 5.000000000000000104e-03 7.705882352941175739e+00 7.705882352941175739e+00 4.000000000000000222e-01 2.000000000000000111e-01 0.000000000000000000e+00 2.000000000000000111e-01 4.000000000000000222e-01 5.428096790506404812e-01 5.383037123702407722e-01 5.358076557406200591e-01 5.693678020648920146e-01 5.969875057694479237e-01
-1.000000000000000021e-02 -1.000000000000000021e-02 0.000000000000000000e+00 5.000000000000000104e-03 5.000000000000000104e-03 7.865546218487394547e+00 7.865546218487394547e+00 4.000000000000000222e-01 2.000000000000000111e-01 0.000000000000000000e+00 2.000000000000000111e-01 4.000000000000000222e-01 5.474051196271775277e-01 5.433474127149411359e-01 5.397281027302079925e-01 5.727628716656466557e-01 6.002781319336978338e-01
-1.000000000000000021e-02 -1.000000000000000021e-02 0.000000000000000000e+00 5.000000000000000104e-03 5.000000000000000104e-03 8.025210084033613356e+00 8.025210084033613356e+00 4.000000000000000222e-01 2.000000000000000111e-01 0.000000000000000000e+00 2.000000000000000111e-01 4.000000000000000222e-01 5.510632422017143206e-01 5.478868465437145563e-01 5.461881393904900461e-01 5.774446167616188452e-01 6.026745805033990599e-01
-1.000000000000000021e-02 -1.000000000000000021e-02 0.000000000000000000e+00 5.000000000000000104e-03 5.000000000000000104e-03 8.184873949579831276e+00 8.184873949579831276e+00 4.000000000000000222e-01 2.000000000000000111e-01 0.000000000000000000e+00 2.000000000000000111e-01 4.000000000000000222e-01 5.574240772391000354e-01 5.532571758663827888e-01 5.513620860207573138e-01 5.815931064761371561e-01 6.054454345338577959e-01
-1.000000000000000021e-02 -1.000000000000000021e-02 0.000000000000000000e+00 5.000000000000000104e-03 5.000000000000000104e-03 8.344537815126049196e+00 8.344537815126049196e+00 4.000000000000000222e-01 2.000000000000000111e-01 0.000000000000000000e+00 2.000000000000000111e-01 4.000000000000000222e-01 5.603974027428907378e-01 5.583523900238983595e-01 5.556058682344223731e-01 5.855186049690047634e-01 6.092786254567652549e-01
-1.000000000000000021e-02 -1.000000000000000021e-02 0.000000000000000000e+00 5.000000000000000104e-03 5.000000000000000104e-03 8.504201680672267116e+00 8.504201680672267116e+00 4.000000000000000222e-01 2.000000000000000111e-01 0.000000000000000000e+00 2.000000000000000111e-01 4.000000000000000222e-01 5.649717402221502427e-01 5.639245556988097263e-01 5.614988266977041231e-01 5.881861964192268699e-01 6.111693394776104293e-01
-1.000000000000000021e-02 -1.000000000000000021e-02 0.000000000000000000e+00 5.000000000000000104e-03 5.000000000000000104e-03 8.663865546218486813e+00 8.663865546218486813e+00 4.000000000000000222e-01 2.000000000000000111e-01 0.000000000000000000e+00 2.000000000000000111e-01 4.000000000000000222e-01 5.700571464389311283e-01 5.675320943586057432e-01 5.650009387690918539e-01 5.922052680760315768e-01 6.151895258056804261e-01
-1.000000000000000021e-02 -1.000000000000000021e-02 0.000000000000000000e+00 5.000000000000000104e-03 5.000000000000000104e-03 8.823529411764706509e+00 8.823529411764706509e+00 4.000000000000000222e-01 2.000000000000000111e-01 0.000000000000000000e+00 2.000000000000000111e-01 4.000000000000000222e-01 5.728983385950019436e-01 5.718882939842977464e-01 5.691822239200103883e-01 5.958020885773703812e-01 6.182135719775007088e-01
-1.000000000000000021e-02 -1.000000000000000021e-02 0.000000000000000000e+00 5.000000000000000104e-03 5.000000000000000104e-03 8.983193277310924429e+00 8.983193277310924429e+00 4.000000000000000222e-01 2.000000000000000111e-01 0.000000000000000000e+00 2.000000000000000111e-01 4.000000000000000222e-01 5.767550072228601055e-01 5.755807405092575602e-01 5.730119589651769818e-01 5.989026943681908799e-01 6.213130732590826932e-01
-1.000000000000000021e-02 -1.000000000000000021e-02 0.000000000000000000e+00 5.000000000000000104e-03 5.000000000000000104e-03 9.142857142857142350e+00 9.142857142857142350e+00 4.000000000000000222e-01 2.000000000000000111e-01 0.000000000000000000e+00 2.000000000000000111e-01 4.000000000000000222e-01 5.814905257565684549e-01 5.798708668279921596e-01 5.770995249105460578e-01 6.016070078206100513e-01 6.250828030845476668e-01
-1.000000000000000021e-02 -1.000000000000000021e-02 0.000000000000000000e+00 5.000000000000000104e-03 5.000000000000000104e-03 9.302521008403360270e+00 9.302521008403360270e+00 4.000000000000000222e-01 2.000000000000000111e-01 0.000000000000000000e+00 2.000000000000000111e-01 4.000000000000000222e-01 5.862761882954762305e-01 5.845471372116490816e-01 5.818020330849398292e-01 6.059692677594673560e-01 6.265607885112720599e-01
-1.000000000000000021e-02 -1.000000000000000021e-02 0.000000000000000000e+00 5.000000000000000104e-03 5.000000000000000104e-03 9.462184873949579966e+00 9.462184873949579966e+00 4.000000000000000222e-01 2.000000000000000111e-01 0.000000000000000000e+00 2.000000000000000111e-01 4.000000000000000222e-01 5.903400698796223978e-01 5.897044958198903730e-01 5.853780461625095466e-01 6.087934210713022987e-01 6.281853257925061884e-01
-1.000000000000000021e-02 -1.000000000000000021e-02 0.000000000000000000e+00 5.000000000000000104e-03 5.000000000000000104e-03 9.621848739495797886e+00 9.621848739495797886e+00 4.000000000000000222e-01 2.000000000000000111e-01 0.000000000000000000e+00 2.000000000000000111e-01 4.000000000000000222e-01 5.936118741491065443e-01 5.921420562215163885e-01 5.889527068035405044e-01 6.126881206364857002e-01 6.312854744726796863e-01
-1.000000000000000021e-02 -1.000000000000000021e-02 0.000000000000000000e+00 5.000000000000000104e-03 5.000000000000000104e-03 9.781512605042015807e+00 9.781512605042015807e+00 4.000000000000000222e-01 2.000000000000000111e-01 0.000000000000000000e+00 2.000000000000000111e-01 4.000000000000000222e-01 5.969641455531375929e-01 5.962800416944828985e-01 5.940900930247050571e-01 6.153155477368660309e-01 6.335700506713143332e-01
-1.000000000000000021e-02 -1.000000000000000021e-02 0.000000000000000000e+00 5.000000000000000104e-03 5.000000000000000104e-03 9.941176470588235503e+00 9.941176470588235503e+00 4.000000000000000222e-01 2.000000000000000111e-01 0.000000000000000000e+00 2.000000000000000111e-01 4.000000000000000222e-01 6.012038514551660828e-01 6.001982695592970041e-01 5.969856644613289465e-01 6.186709456167367449e-01 6.358795126016855148e-01
-1.000000000000000021e-02 -1.000000000000000021e-02 0.000000000000000000e+00 5.000000000000000104e-03 5.000000000000000104e-03 1.010084033613445342e+01 1.010084033613445342e+01 4.000000000000000222e-01 2.000000000000000111e-01 0.000000000000000000e+00 2.000000000000000111e-01 4.000000000000000222e-01 6.031077845610629540e-01 6.032820182141733767e-01 6.002938062044977929e-01 6.215866391103843647e-01 6.377097994536083947e-01
-1.000000000000000021e-02 -1.000000000000000021e-02 0.000000000000000000e+00 5.000000000000000104e-03 5.000000000000000104e-03 1.026050420168067134e+01 1.026050420168067134e+01 4.000000000000000222e-01 2.000000000000000111e-01 0.000000000000000000e+00 2.000000000000000111e-01 4.000000000000000222e-01 6.077131704898445230e-01 6.062968522991725173e-01 6.037380340796564271e-01 6.249373770089091673e-01 6.409209132975612899e-01
-1.000000000000000021e-02 -1.000000000000000021e-02 0.000000000000000000e+00 5.000000000000000104e-03 5.000000000000000104e-03 1.042016806722688926e+01 1.042016806722688926e+01 4.000000000000000222e-01 2.000000000000000111e-01 0.000000000000000000e+00 2.000000000000000111e-01 4.000000000000000222e-01 6.111851767165776828e-01 6.099013461607121211e-01 6.072990015959068844e-01 6.268804668406533498e-01 6.434625295107682108e-01
-1.000000000000000021e-02 -1.000000000000000021e-02 0.000000000000000000e+00 5.000000000000000104e-03 5.000000000000000104e-03 1.057983193277310896e+01 1.057983193277310896e+01 4.000000000000000222e-01 2.000000000000000111e-01 0.000000000000000000e+00 2.000000000000000111e-01 4.000000000000000222e-01 6.136135022939306349e-01 6.131729729912757110e-01 6.102445846264741292e-01 6.296421245876822059e-01 6.456016960214581157e-01
-1.000000000000000021e-02 -1.000000000000000021e-02 0.000000000000000000e+00 5.000000000000000104e-03 5.000000000000000104e-03 1.073949579831932688e+01 1.073949579831932688e+01 4.000000000000000222e-01 2.000000000000000111e-01 0.000000000000000000e+00 2.000000000000000111e-01 4.000000000000000222e-01 6.179832105054694491e-01 6.163323773381473858e-01 6.142998153971430675e-01 6.316388770353250637e-01 6.484945399497037410e-01
-1.000000000000000021e-02 -1.000000000000000021e-02 0.000000000000000000e+00 5.000000000000000104e-03 5.000000000000000104e-03 1.089915966386554480e+01 1.089915966386554480e+01 4.000000000000000222e-01 2.000000000000000111e-01 0.000000000000000000e+00 2.000000000000000111e-01 4.000000000000000222e-01 6.207883190299301468e-01 6.197237975275272648e-01 6.148798704914366642e-01 6.355680590208760972e-01 6.502991699792939340e-01
-1.000000000000000021e-02 -1.000000000000000021e-02 0.000000000000000000e+00 5.000000000000000104e-03 5.000000000000000104e-03 1.105882352941176450e+01 1.105882352941176450e+01 4.000000000000000222e-01 2.000000000000000111e-01 0.000000000000000000e+00 2.000000000000000111e-01 4.000000000000000222e-01 6.232972690798019855e-01 6.223685155162775873e-01 6.189109792534872589e-01 6.383677387883974763e-01 6.522149198571947082e-01
-1.000000000000000021e-02 -1.000000000000000021e-02 0.000000000000000000e+00 5.000000000000000104e-03 5.000000000000000104e-03 1.121848739495798242e+01 1.121848739495798242e+01 4.000000000000000222e-01 2.000000000000000111e-01 0.000000000000000000e+00 2.000000000000000111e-01 4.000000000000000222e-01 6.278089706234620815e-01 6.255371759756728212e-01 6.212410304311886122e-01 6.399893441023358776e-01 6.548876920918106359e-01
-1.000000000000000021e-02 -1.000000000000000021e-02 0.000000000000000000e+00 5.000000000000000104e-03 5.000000000000000104e-03 1.137815126050420034e+01 1.137815126050420034e+01 4.000000000000000222e-01 2.000000000000000111e-01 0.000000000000000000e+00 2.000000000000000111e-01 4.000000000000000222e-01 6.288544186366390454e-01 6.295060829012729675e-01 6.258677178352537451e-01 6.430419130466777933e-01 6.569565489694382254e-01
-1.000000000000000021e-02 -1.000000000000000021e-02 0.000000000000000000e+00 5.000000000000000104e-03 5.000000000000000104e-03 1.153781512605042003e+01 1.153781512605042003e+01 4.000000000000000222e-01 2.000000000000000111e-01 0.000000000000000000e+00 2.000000000000000111e-01 4.000000000000000222e-01 6.323982878506376748e-01 6.310700950359616757e-01 6.288685285572209738e-01 6.454587848699050445e-01 6.584854630866658898e-01
-1.000000000000000021e-02 -1.000000000000000021e-02 0.000000000000000000e+00 5.000000000000000104e-03 5.000000000000000104e-03 1.169747899159663795e+01 1.169747899159663795e+01 4.000000000000000222e-01 2.000000000000000111e-01 0.000000000000000000e+00 2.000000000000000111e-01 4.000000000000000222e-01 6.344187393960135646e-01 6.346057100168385201e-01 6.306324716424125398e-01 6.477465712773519124e-01 6.603702501073581699e-01
-1.000000000000000021e-02 -1.000000000000000021e-02 0.000000000000000000e+00 5.000000000000000104e-03 5.000000000000000104e-03 1.185714285714285587e+01 1.185714285714285587e+01 4.000000000000000222e-01 2.000000000000000111e-01 0.000000000000000000e+00 2.000000000000000111e-01 4.000000000000000222e-01 6.370446023438091077e-01 6.379782454773800238e-01 6.330375754502700625e-01 6.509340777426626534e-01 6.620387588088209041e-01
-1.000000000000000021e-02 -1.000000000000000021e-02 0.000000000000000000e+00 5.000000000000000104e-03 5.000000000000000104e-03 1.201680672268907557e+01 1.201680672268907557e+01 4.000000000000000222e-01 2.000000000000000111e-01 0.000000000000000000e+00 2.000000000000000111e-01 4.000000000000000222e-01 6.395729289320776223e-01 6.395955837443736414e-01 6.362548350551773257e-01 6.527559492175669664e-01 6.647628462438892605e-01
-1.000000000000000021e-02 -1.000000000000000021e-02 0.000000000000000000e+00 5.000000000000000104e-03 5.000000000000000104e-03 1.217647058823529349e+01 1.217647058823529349e+01 4.000000000000000222e-01 2.000000000000000111e-01 0.000000000000000000e+00 2.000000000000000111e-01 4.000000000000000222e-01 6.426255699571101765e-01 6.431983598296466820e-01 6.385303833503714888e-01 6.553349567618708127e-01 6.670748962702155449e-01
-1.000000000000000021e-02 -1.000000000000000021e-02 0.000000000000000000e+00 5.000000000000000104e-03 5.000000000000000104e-03 1.233613445378151141e+01 1.233613445378151141e+01 4.000000000000000222e-01 2.000000000000000111e-01 0.000000000000000000e+00 2.000000000000000111e-01 4.000000000000000222e-01 6.461017097767717265e-01 6.451963506021728412e-01 6.408325073648624137e-01 6.568734850248464374e-01 6.681394812614838141e-01
-1.000000000000000021e-02 -1.000000000000000021e-02 0.000000000000000000e+00 5.000000000000000104e-03 5.000000000000000104e-03 1.249579831932772933e+01 1.249579831932772933e+01 4.000000000000000222e-01 2.000000000000000111e-01 0.000000000000000000e+00 2.000000000000000111e-01 4.000000000000000222e-01 6.484300365430116786e-01 6.473195469372242661e-01 6.433391552554924564e-01 6.586996353008685023e-01 6.699372616150991444e-01
-1.000000000000000021e-02 -1.000000000000000021e-02 0.000000000000000000e+00 5.000000000000000104e-03 5.000000000000000104e-03 1.265546218487394903e+01 1.265546218487394903e+01 4.000000000000000222e-01 2.000000000000000111e-01 0.000000000000000000e+00 2.000000000000000111e-01 4.000000000000000222e-01 6.496885135199667038e-01 6.505843718665300646e-01 6.462369745294266332e-01 6.607575294156590173e-01 6.724517602079659317e-01
-1.000000000000000021e-02 -1.000000000000000021e-02 0.000000000000000000e+00 5.000000000000000104e-03 5.000000000000000104e-03 1.281512605042016695e+01 1.281512605042016695e+01 4.000000000000000222e-01 2.000000000000000111e-01 0.000000000000000000e+00 2.000000000000000111e-01 4.000000000000000222e-01 6.523916602397203945e-01 6.526053716715974895e-01 6.485704292736128584e-01 6.639551724905006225e-01 6.738945752469771566e-01
-1.000000000000000021e-02 -1.000000000000000021e-02 0.000000000000000000e+00 5.000000000000000104e-03 5.000000000000000104e-03 1.297478991596638487e+01 1.297478991596638487e+01 4.000000000000000222e-01 2.000000000000000111e-01 0.000000000000000000e+00 2.000000000000000111e-01 4.000000000000000222e-01 6.537229888674407352e-01 6.543691295215338100e-01 6.504083500645039262e-01 6.654634375433678972e-01 6.759199359692789066e-01
-1.000000000000000021e-02 -1.000000000000000021e-02 0.000000000000000000e+00 5.000000000000000104e-03 5.000000000000000104e-03 1.313445378151260456e+01 1.313445378151260456e+01 4.000000000000000222e-01 2.000000000000000111e-01 0.000000000000000000e+00 2.000000000000000111e-01 4.000000000000000222e-01 6.560946959677392831e-01 6.573371682071493805e-01 6.529627598884764073e-01 6.669900054946046319e-01 6.773171927087120459e-01
-1.000000000000000021e-02 -1.000000000000000021e-02 0.000000000000000000e+00 5.000000000000000104e-03 5.000000000000000104e-03 1.329411764705882248e+01 1.329411764705882248e+01 4.000000000000000222e-01 2.000000000000000111e-01 0.000000000000000000e+00 2.000000000000000111e-01 4.000000000000000222e-01 6.598218113337729340e-01 6.592020561034881432e-01 6.545155358118996958e-01 6.694411003634693769e-01 6.787037569706472206e-01
-1.000000000000000021e-02 -1.000000000000000021e-02 0.000000000000000000e+00 5.000000000000000104e-03 5.000000000000000104e-03 1.345378151260504040e+01 1.345378151260504040e+01 4.000000000000000222e-01 2.000000000000000111e-01 0.000000000000000000e+00 2.000000000000000111e-01 4.000000000000000222e-01 6.614875032779636843e-01 6.615568841064951577e-01 6.576446810032040569e-01 6.716163954658400659e-01 6.806364052634791273e-01
-1.000000000000000021e-02 -1.000000000000000021e-02 0.000000000000000000e+00 5.000000000000000104e-03 5.000000000000000104e-03 1.361344537815126010e+01 1.361344537815126010e+01 4.000000000000000222e-01 2.000000000000000111e-01 0.000000000000000000e+00 2.000000000000000111e-01 4.000000000000000222e-01 6.635767167971441394e-01 6.639553197881226110e-01 6.585897414273087502e-01 6.737707943912496500e-01 6.827714583361678136e-01
-1.000000000000000021e-02 -1.000000000000000021e-02 0.000000000000000000e+00 5.000000000000000104e-03 5.000000000000000104e-03 1.377310924369747802e+01 1.377310924369747802e+01 4.000000000000000222e-01 2.000000000000000111e-01 0.000000000000000000e+00 2.000000000000000111e-01 4.000000000000000222e-01 6.641051062213080280e-01 6.657896943341871099e-01 6.607631664464157506e-01 6.757561842255476181e-01 6.826796521945001084e-01
-1.000000000000000021e-02 -1.000000000000000021e-02 0.000000000000000000e+00 5.000000000000000104e-03 5.000000000000000104e-03 1.393277310924369594e+01 1.393277310924369594e+01 4.000000000000000222e-01 2.000000000000000111e-01 0.000000000000000000e+00 2.000000000000000111e-01 4.000000000000000222e-01 6.678436663267167672e-01 6.675930366533584515e-01 6.632492505271071481e-01 6.772757189515541398e-01 6.849756127372191861e-01
-1.000000000000000021e-02 -1.000000000000000021e-02 0.000000000000000000e+00 5.000000000000000104e-03 5.000000000000000104e-03 1.409243697478991564e+01 1.409243697478991564e+01 4.000000000000000222e-01 2.000000000000000111e-01 0.000000000000000000e+00 2.000000000000000111e-01 4.000000000000000222e-01 6.690605084318210771e-01 6.705549195210530611e-01 6.645250805782403347e-01 6.792695170304243746e-01 6.865200896968123301e-01
-1.000000000000000021e-02 -1.000000000000000021e-02 0.000000000000000000e+00 5.000000000000000104e-03 5.000000000000000104e-03 1.425210084033613356e+01 1.425210084033613356e+01 4.000000000000000222e-01 2.000000000000000111e-01 0.000000000000000000e+00 2.000000000000000111e-01 4.000000000000000222e-01 6.719852873420494310e-01 6.718230149791073469e-01 6.672093790952868808e-01 6.809763687946107646e-01 6.884764535843491684e-01
-1.000000000000000021e-02 -1.000000000000000021e-02 0.000000000000000000e+00 5.000000000000000104e-03 5.000000000000000104e-03 1.441176470588235148e+01 1.441176470588235148e+01 4.000000000000000222e-01 2.000000000000000111e-01 0.000000000000000000e+00 2.000000000000000111e-01 4.000000000000000222e-01 6.733888683778211925e-01 6.743062275696561914e-01 6.687035113802461961e-01 6.823246291787165019e-01 6.901269768060430687e-01
-1.000000000000000021e-02 -1.000000000000000021e-02 0.000000000000000000e+00 5.000000000000000104e-03 5.000000000000000104e-03 1.457142857142857117e+01 1.457142857142857117e+01 4.000000000000000222e-01 2.000000000000000111e-01 0.000000000000000000e+00 2.000000000000000111e-01 4.000000000000000222e-01 6.758223239551003347e-01 6.761949241370073249e-01 6.696297800102217757e-01 6.842193332169906883e-01 6.914773996416373469e-01
-1.000000000000000021e-02 -1.000000000000000021e-02 0.000000000000000000e+00 5.000000000000000104e-03 5.000000000000000104e-03 1.473109243697478909e+01 1.473109243697478909e+01 4.000000000000000222e-01 2.000000000000000111e-01 0.000000000000000000e+00 2.000000000000000111e-01 4.000000000000000222e-01 6.774639264404080929e-01 6.772033910173922422e-01 6.721606008564536827e-01 6.855579713471708914e-01 6.931352744170076186e-01
-1.000000000000000021e-02 -1.000000000000000021e-02 0.000000000000000000e+00 5.000000000000000104e-03 5.000000000000000104e-03 1.489075630252100702e+01 1.489075630252100702e+01 4.000000000000000222e-01 2.000000000000000111e-01 0.000000000000000000e+00 2.000000000000000111e-01 4.000000000000000222e-01 6.789906824882762093e-01 6.804780837727691933e-01 6.739802444394097369e-01 6.871523560912473627e-01 6.942137756108184288e-01
-1.000000000000000021e-02 -1.000000000000000021e-02 0.000000000000000000e+00 5.000000000000000104e-03 5.000000000000000104e-03 1.505042016806722671e+01 1.505042016806722671e+01 4.000000000000000222e-01 2.000000000000000111e-01 0.000000000000000000e+00 2.000000000000000111e-01 4.000000000000000222e-01 6.813908083068156429e-01 6.811880291660945552e-01 6.751011784299904006e-01 6.895421022676849754e-01 6.967212421356742125e-01
-1.000000000000000021e-02 -1.000000000000000021e-02 0.000000000000000000e+00 5.000000000000000104e-03 5.000000000000000104e-03 1.521008403361344463e+01 1.521008403361344463e+01 4.000000000000000222e-01 2.000000000000000111e-01 0.000000000000000000e+00 2.000000000000000111e-01 4.000000000000000222e-01 6.819459495417484751e-01 6.830851316200023948e-01 6.771916198690034472e-01 6.909536997692724558e-01 6.979728459191149037e-01
-1.000000000000000021e-02 -1.000000000000000021e-02 0.000000000000000000e+00 5.000000000000000104e-03 5.000000000000000104e-03 1.536974789915966255e+01 1.536974789915966255e+01 4.000000000000000222e-01 2.000000000000000111e-01 0.000000000000000000e+00 2.000000000000000111e-01 4.000000000000000222e-01 6.840181716735429518e-01 6.843348515020210021e-01 6.792503976897844575e-01 6.913965080415659381e-01 6.980623738452513827e-01
-1.000000000000000021e-02 -1.000000000000000021e-02 0.000000000000000000e+00 5.000000000000000104e-03 5.000000000000000104e-03 1.552941176470588047e+01 1.552941176470588047e+01 4.000000000000000222e-01 2.000000000000000111e-01 0.000000000000000000e+00 2.000000000000000111e-01 4.000000000000000222e-01 6.861621035925004053e-01 6.868570952689097009e-01 6.803334252777701874e-01 6.938351047427755436e-01 6.998964162168944680e-01
-1.000000000000000021e-02 -1.000000000000000021e-02 0.000000000000000000e+00 5.000000000000000104e-03 5.000000000000000104e-03 1.568907563025210017e+01 1.568907563025210017e+01 4.000000000000000222e-01 2.000000000000000111e-01 0.000000000000000000e+00 2.000000000000000111e-01 4.000000000000000222e-01 6.876026723589954148e-01 6.883378701263551669e-01 6.812780941104096266e-01 6.955287500612348239e-01 7.007980070213465362e-01
-1.000000000000000021e-02 -1.000000000000000021e-02 0.000000000000000000e+00 5.000000000000000104e-03 5.000000000000000104e-03 1.584873949579831809e+01 1.584873949579831809e+01 4.000000000000000222e-01 2.000000000000000111e-01 0.000000000000000000e+00 2.000000000000000111e-01 4.000000000000000222e-01 6.893825876404104935e-01 6.893220010397455022e-01 6.833980638320542589e-01 6.963138746553962921e-01 7.026027801375009929e-01
-1.000000000000000021e-02 -1.000000000000000021e-02 0.000000000000000000e+00 5.000000000000000104e-03 5.000000000000000104e-03 1.600840336134453423e+01 1.600840336134453423e+01 4.000000000000000222e-01 2.000000000000000111e-01 0.000000000000000000e+00 2.000000000000000111e-01 4.000000000000000222e-01 6.907466809345149672e-01 6.910456216098186388e-01 6.846299755508421514e-01 6.976563334905573344e-01 7.040654243917541244e-01
-1.000000000000000021e-02 -1.000000000000000021e-02 0.000000000000000000e+00 5.000000000000000104e-03 5.000000000000000104e-03 1.616806722689075571e+01 1.616806722689075571e+01 4.000000000000000222e-01 2.000000000000000111e-01 0.000000000000000000e+00 2.000000000000000111e-01 4.000000000000000222e-01 6.920685162747236552e-01 6.940192924763476379e-01 6.857992387249628452e-01 6.999923107188267268e-01 7.056794551486742506e-01
-1.000000000000000021e-02 -1.000000000000000021e-02 0.000000000000000000e+00 5.000000000000000104e-03 5.000000000000000104e-03 1.632773109243697363e+01 1.632773109243697363e+01 4.000000000000000222e-01 2.000000000000000111e-01 0.000000000000000000e+00 2.000000000000000111e-01 4.000000000000000222e-01 6.940148884091317250e-01 6.940585799072148676e-01 6.874578632300093473e-01 7.006530026141493117e-01 7.061514337391588958e-01
-1.000000000000000021e-02 -1.000000000000000021e-02 0.000000000000000000e+00 5.000000000000000104e-03 5.000000000000000104e-03 1.648739495798319155e+01 1.648739495798319155e+01 4.000000000000000222e-01 2.000000000000000111e-01 0.000000000000000000e+00 2.000000000000000111e-01 4.000000000000000222e-01 6.961803218300111062e-01 6.956579425204753031e-01 6.891465992365457538e-01 7.025881589220610568e-01 7.073161195652811761e-01
-1.000000000000000021e-02 -1.000000000000000021e-02 0.000000000000000000e+00 5.000000000000000104e-03 5.000000000000000104e-03 1.664705882352941302e+01 1.664705882352941302e+01 4.000000000000000222e-01 2.000000000000000111e-01 0.000000000000000000e+00 2.000000000000000111e-01 4.000000000000000222e-01 6.971362434301787703e-01 6.982585704707582330e-01 6.901627195513867497e-01 7.033409309497160589e-01 7.083604583107878661e-01
-1.000000000000000021e-02 -1.000000000000000021e-02 0.000000000000000000e+00 5.000000000000000104e-03 5.000000000000000104e-03 1.680672268907562739e+01 1.680672268907562739e+01 4.000000000000000222e-01 2.000000000000000111e-01 0.000000000000000000e+00 2.000000000000000111e-01 4.000000000000000222e-01 6.983288182934478394e-01 6.990820263895163311e-01 6.917439067759196814e-01 7.052770528122955795e-01 7.098598953915034038e-01
-1.000000000000000021e-02 -1.000000000000000021e-02 0.000000000000000000e+00 5.000000000000000104e-03 5.000000000000000104e-03 1.696638655462184886e+01 1.696638655462184886e+01 4.000000000000000222e-01 2.000000000000000111e-01 0.000000000000000000e+00 2.000000000000000111e-01 4.000000000000000222e-01 7.002424570780100277e-01 7.005960639736533713e-01 6.932832926220385827e-01 7.058507014711344896e-01 7.120415270052757872e-01
-1.000000000000000021e-02 -1.000000000000000021e-02 0.000000000000000000e+00 5.000000000000000104e-03 5.000000000000000104e-03 1.712605042016806678e+01 1.712605042016806678e+01 4.000000000000000222e-01 2.000000000000000111e-01 0.000000000000000000e+00 2.000000000000000111e-01 4.000000000000000222e-01 7.019785173056904970e-01 7.020873151907451870e-01 6.940103891804209058e-01 7.073481142139754763e-01 7.124274399898599119e-01
-1.000000000000000021e-02 -1.000000000000000021e-02 0.000000000000000000e+00 5.000000000000000104e-03 5.000000000000000104e-03 1.728571428571428470e+01 1.728571428571428470e+01 4.000000000000000222e-01 2.000000000000000111e-01 0.000000000000000000e+00 2.000000000000000111e-01 4.000000000000000222e-01 7.025932567436639076e-01 7.037493283830155155e-01 6.957836780756483375e-01 7.091289939326782532e-01 7.133089076062270051e-01
-1.000000000000000021e-02 -1.000000000000000021e-02 0.000000000000000000e+00 5.000000000000000104e-03 5.000000000000000104e-03 1.744537815126050262e+01 1.744537815126050262e+01 4.000000000000000222e-01 2.000000000000000111e-01 0.000000000000000000e+00 2.000000000000000111e-01 4.000000000000000222e-01 7.037532966554198577e-01 7.047346132979318556e-01 6.967792049829559797e-01 7.101102288305641830e-01 7.145060282123647522e-01
-1.000000000000000021e-02 -1.000000000000000021e-02 0.000000000000000000e+00 5.000000000000000104e-03 5.000000000000000104e-03 1.760504201680672054e+01 1.760504201680672054e+01 4.000000000000000222e-01 2.000000000000000111e-01 0.000000000000000000e+00 2.000000000000000111e-01 4.000000000000000222e-01 7.055208115028915872e-01 7.061198007342989191e-01 6.976537855664081134e-01 7.110268664081976775e-01 7.156158257690045099e-01
-1.000000000000000021e-02 -1.000000000000000021e-02 0.000000000000000000e+00 5.000000000000000104e-03 5.000000000000000104e-03 1.776470588235293846e+01 1.776470588235293846e+01 4.000000000000000222e-01 2.000000000000000111e-01 0.000000000000000000e+00 2.000000000000000111e-01 4.000000000000000222e-01 7.070668184446367022e-01 7.072390408936080064e-01 6.997016873237063006e-01 7.121215415846946506e-01 7.173015355237349899e-01
-1.000000000000000021e-02 -1.000000000000000021e-02 0.000000000000000000e+00 5.000000000000000104e-03 5.000000000000000104e-03 1.792436974789915993e+01 1.792436974789915993e+01 4.000000000000000222e-01 2.000000000000000111e-01 0.000000000000000000e+00 2.000000000000000111e-01 4.000000000000000222e-01 7.084161217415333445e-01 7.088930137012754429e-01 7.003658615897365713e-01 7.131877465380058734e-01 7.174158861276755950e-01
-1.000000000000000021e-02 -1.000000000000000021e-02 0.000000000000000000e+00 5.000000000000000104e-03 5.000000000000000104e-03 1.808403361344537785e+01 1.808403361344537785e+01 4.000000000000000222e-01 2.000000000000000111e-01 0.000000000000000000e+00 2.000000000000000111e-01 4.000000000000000222e-01 7.088773604183994381e-01 7.107080724942700378e-01 7.009777655510757155e-01 7.146450934788103337e-01 7.183974379800222021e-01
-1.000000000000000021e-02 -1.000000000000000021e-02 0.000000000000000000e+00 5.000000000000000104e-03 5.000000000000000104e-03 1.824369747899159577e+01 1.824369747899159577e+01 4.000000000000000222e-01 2.000000000000000111e-01 0.000000000000000000e+00 2.000000000000000111e-01 4.000000000000000222e-01 7.109649236186970089e-01 7.112155848916356105e-01 7.023134473624539353e-01 7.157957823011992238e-01 7.191835298044958469e-01
-1.000000000000000021e-02 -1.000000000000000021e-02 0.000000000000000000e+00 5.000000000000000104e-03 5.000000000000000104e-03 1.840336134453781369e+01 1.840336134453781369e+01 4.000000000000000222e-01 2.000000000000000111e-01 0.000000000000000000e+00 2.000000000000000111e-01 4.000000000000000222e-01 7.122938747369530477e-01 7.118128360168921587e-01 7.037448707618569888e-01 7.170265682759260351e-01 7.210227617860469618e-01
-1.000000000000000021e-02 -1.000000000000000021e-02 0.000000000000000000e+00 5.000000000000000104e-03 5.000000000000000104e-03 1.856302521008403161e+01 1.856302521008403161e+01 4.000000000000000222e-01 2.000000000000000111e-01 0.000000000000000000e+00 2.000000000000000111e-01 4.000000000000000222e-01 7.125232680440555244e-01 7.133683403827355551e-01 7.047371059006353189e-01 7.177760714466318026e-01 7.215866716793242208e-01
-1.000000000000000021e-02 -1.000000000000000021e-02 0.000000000000000000e+00 5.000000000000000104e-03 5.000000000000000104e-03 1.872268907563024953e+01 1.872268907563024953e+01 4.000000000000000222e-01 2.000000000000000111e-01 0.000000000000000000e+00 2.000000000000000111e-01 4.000000000000000222e-01 7.144162978134964703e-01 7.151091940147367154e-01 7.057273871071776394e-01 7.193875579949235988e-01 7.226446564586007648e-01
-1.000000000000000021e-02 -1.000000000000000021e-02 0.000000000000000000e+00 5.000000000000000104e-03 5.000000000000000104e-03 1.888235294117647101e+01 1.888235294117647101e+01 4.000000000000000222e-01 2.000000000000000111e-01 0.000000000000000000e+00 2.000000000000000111e-01 4.000000000000000222e-01 7.157105503529929136e-01 7.156942428908585896e-01 7.067362710589182306e-01 7.193804549748495925e-01 7.233175942709699768e-01
-1.000000000000000021e-02 -1.000000000000000021e-02 0.000000000000000000e+00 5.000000000000000104e-03 5.000000000000000104e-03 1.904201680672268893e+01 1.904201680672268893e+01 4.000000000000000222e-01 2.000000000000000111e-01 0.000000000000000000e+00 2.000000000000000111e-01 4.000000000000000222e-01 7.154890277499554863e-01 7.168634291949569359e-01 7.076333265702389186e-01 7.209279354868893819e-01 7.246377645381828492e-01
-1.000000000000000021e-02 -1.000000000000000021e-02 0.000000000000000000e+00 5.000000000000000104e-03 5.000000000000000104e-03 1.920168067226890685e+01 1.920168067226890685e+01 4.000000000000000222e-01 2.000000000000000111e-01 0.000000000000000000e+00 2.000000000000000111e-01 4.000000000000000222e-01 7.173539629377065907e-01 7.182771233297616797e-01 7.084978061845019770e-01 7.220880926047659187e-01 7.255293567341952743e-01
-1.000000000000000021e-02 -1.000000000000000021e-02 0.000000000000000000e+00 5.000000000000000104e-03 5.000000000000000104e-03 1.936134453781512477e+01 1.936134453781512477e+01 4.000000000000000222e-01 2.000000000000000111e-01 0.000000000000000000e+00 2.000000000000000111e-01 4.000000000000000222e-01 7.177592793950625660e-01 7.190991265175421532e-01 7.096972119430955406e-01 7.220575325756237728e-01 7.259195378343256122e-01
-1.000000000000000021e-02 -1.000000000000000021e-02 0.000000000000000000e+00 5.000000000000000104e-03 5.000000000000000104e-03 1.952100840336134269e+01 1.952100840336134269e+01 4.000000000000000222e-01 2.000000000000000111e-01 0.000000000000000000e+00 2.000000000000000111e-01 4.000000000000000222e-01 7.196241933350407960e-01 7.196030713172710813e-01 7.107543262916650173e-01 7.234810773137405615e-01 7.272906884496749269e-01
-1.000000000000000021e-02 -1.000000000000000021e-02 0.000000000000000000e+00 5.000000000000000104e-03 5.000000000000000104e-03 1.968067226890756061e+01 1.968067226890756061e+01 4.000000000000000222e-01 2.000000000000000111e-01 0.000000000000000000e+00 2.000000000000000111e-01 4.000000000000000222e-01 7.204758942160862656e-01 7.210350455371881129e-01 7.118710333973052862e-01 7.247830532498477085e-01 7.279410695039405521e-01
-1.000000000000000021e-02 -1.000000000000000021e-02 0.000000000000000000e+00 5.000000000000000104e-03 5.000000000000000104e-03 1.984033613445377853e+01 1.984033613445377853e+01 4.000000000000000222e-01 2.000000000000000111e-01 0.000000000000000000e+00 2.000000000000000111e-01 4.000000000000000222e-01 7.211377227650601629e-01 7.219505707587795529e-01 7.120595626451092786e-01 7.251634696837732097e-01 7.283648376005590341e-01
-1.000000000000000021e-02 -1.000000000000000021e-02 0.000000000000000000e+00 5.000000000000000104e-03 5.000000000000000104e-03 2.000000000000000000e+01 2.000000000000000000e+01 4.000000000000000222e-01 2.000000000000000111e-01 0.000000000000000000e+00 2.000000000000000111e-01 4.000000000000000222e-01 7.219614481388905158e-01 7.231597747139444365e-01 7.133111638443955238e-01 7.261928472453302863e-01 7.292481998961456435e-01
