-1.000000000000000056e-01 5.000000000000000000e+00 5.000000000000000000e+00 1.000000000000000056e-01 2.500000000000000000e-01 5.000000000000000000e-01 7.500000000000000000e-01 1.000000000000000000e+00 5.623762986887184123e-01 5.626170083285756407e-01 5.632210114115164812e-01 5.621494661328775289e-01 5.624271722874509827e-01
-9.800000000000000377e-02 5.000000000000000000e+00 5.000000000000000000e+00 1.000000000000000056e-01 2.500000000000000000e-01 5.000000000000000000e-01 7.500000000000000000e-01 1.000000000000000000e+00 5.618559254744071030e-01 5.629354189698475563e-01 5.615944539488475495e-01 5.630538184276302482e-01 5.618326857388856732e-01
-9.600000000000000200e-02 5.000000000000000000e+00 5.000000000000000000e+00 1.000000000000000056e-01 2.500000000000000000e-01 5.000000000000000000e-01 7.500000000000000000e-01 1.000000000000000000e+00 5.623781637284942514e-01 5.625738197940909346e-01 5.620869010613364081e-01 5.619931477649522389e-01 5.629224627092643818e-01
-9.400000000000000022e-02 5.000000000000000000e+00 5.000000000000000000e+00 1.000000000000000056e-01 2.500000000000000000e-01 5.000000000000000000e-01 7.500000000000000000e-01 1.000000000000000000e+00 5.618076854040212620e-01 5.626848378282951479e-01 5.624403080526647614e-01 5.627768557642590652e-01 5.622426557291507754e-01
-9.199999999999999845e-02 5.000000000000000000e+00 5.000000000000000000e+00 1.000000000000000056e-01 2.500000000000000000e-01 5.000000000000000000e-01 7.500000000000000000e-01 1.000000000000000000e+00 5.623166640303960406e-01 5.622157881364739929e-01 5.620505695182101968e-01 5.624736947795567765e-01 5.625602174708206338e-01
-9.000000000000001055e-02 5.000000000000000000e+00 5.000000000000000000e+00 1.000000000000000056e-01 2.500000000000000000e-01 5.000000000000000000e-01 7.500000000000000000e-01 1.000000000000000000e+00 5.617638436642646838e-01 5.624218579910885696e-01 5.620609955137458869e-01 5.624754587993447963e-01 5.622438767499020607e-01
-8.800000000000000877e-02 5.000000000000000000e+00 5.000000000000000000e+00 1.000000000000000056e-01 2.500000000000000000e-01 5.000000000000000000e-01 7.500000000000000000e-01 1.000000000000000000e+00 5.622661140764650956e-01 5.621693533251461705e-01 5.626563151171816157e-01 5.626451947782313834e-01 5.629786787189355879e-01
-8.600000000000000699e-02 5.000000000000000000e+00 5.000000000000000000e+00 1.000000000000000056e-01 2.500000000000000000e-01 5.000000000000000000e-01 7.500000000000000000e-01 1.000000000000000000e+00 5.618569425417077046e-01 5.620519865585531516e-01 5.617856283374885740e-01 5.627799845316872052e-01 5.629751403724662095e-01
-8.400000000000000522e-02 5.000000000000000000e+00 5.000000000000000000e+00 1.000000000000000056e-01 2.500000000000000000e-01 5.000000000000000000e-01 7.500000000000000000e-01 1.000000000000000000e+00 5.618321091083228191e-01 5.621729065198606268e-01 5.621677107156184405e-01 5.628147179091013141e-01 5.615351387314513332e-01
-8.200000000000000344e-02 5.000000000000000000e+00 5.000000000000000000e+00 1.000000000000000056e-01 2.500000000000000000e-01 5.000000000000000000e-01 7.500000000000000000e-01 1.000000000000000000e+00 5.622125101025137184e-01 5.620970510809834009e-01 5.627295073787317303e-01 5.628068176483699281e-01 5.615286695223156155e-01
-8.000000000000000167e-02 5.000000000000000000e+00 5.000000000000000000e+00 1.000000000000000056e-01 2.500000000000000000e-01 5.000000000000000000e-01 7.500000000000000000e-01 1.000000000000000000e+00 5.622132543766438229e-01 5.627176839597288760e-01 5.617534870712285189e-01 5.617969276203753637e-01 5.623484042512392200e-01
-7.800000000000001377e-02 5.000000000000000000e+00 5.000000000000000000e+00 1.000000000000000056e-01 2.500000000000000000e-01 5.000000000000000000e-01 7.500000000000000000e-01 1.000000000000000000e+00 5.621116487882980017e-01 5.627296523995168887e-01 5.628553154264779312e-01 5.616969858794350623e-01 5.624399740082531851e-01
-7.600000000000001199e-02 5.000000000000000000e+00 5.000000000000000000e+00 1.000000000000000056e-01 2.500000000000000000e-01 5.000000000000000000e-01 7.500000000000000000e-01 1.000000000000000000e+00 5.619591055518240452e-01 5.622151227963647635e-01 5.623158151986653586e-01 5.626650610358820970e-01 5.623206524330300882e-01
-7.400000000000001021e-02 5.000000000000000000e+00 5.000000000000000000e+00 1.000000000000000056e-01 2.500000000000000000e-01 5.000000000000000000e-01 7.500000000000000000e-01 1.000000000000000000e+00 5.619810744671397407e-01 5.626540426050914423e-01 5.623192586560847861e-01 5.615012976610539441e-01 5.620731223260824194e-01
-7.200000000000000844e-02 5.000000000000000000e+00 5.000000000000000000e+00 1.000000000000000056e-01 2.500000000000000000e-01 5.000000000000000000e-01 7.500000000000000000e-01 1.000000000000000000e+00 5.626024234550121017e-01 5.623224834990727672e-01 5.625355849803087560e-01 5.624743962617535509e-01 5.620852836291631016e-01
-7.000000000000000666e-02 5.000000000000000000e+00 5.000000000000000000e+00 1.000000000000000056e-01 2.500000000000000000e-01 5.000000000000000000e-01 7.500000000000000000e-01 1.000000000000000000e+00 5.626245717454856354e-01 5.620315926813215235e-01 5.621573863117917957e-01 5.616983656870198072e-01 5.624988103653376648e-01
-6.800000000000000488e-02 5.000000000000000000e+00 5.000000000000000000e+00 1.000000000000000056e-01 2.500000000000000000e-01 5.000000000000000000e-01 7.500000000000000000e-01 1.000000000000000000e+00 5.624559494572860530e-01 5.627371084036828508e-01 5.628513853544502288e-01 5.618890468215957945e-01 5.610654563868138212e-01
-6.600000000000000311e-02 5.000000000000000000e+00 5.000000000000000000e+00 1.000000000000000056e-01 2.500000000000000000e-01 5.000000000000000000e-01 7.500000000000000000e-01 1.000000000000000000e+00 5.621462806486345887e-01 5.627278209956715349e-01 5.625594646723631742e-01 5.619905933621659466e-01 5.607959622233854580e-01
-6.400000000000000133e-02 5.000000000000000000e+00 5.000000000000000000e+00 1.000000000000000056e-01 2.500000000000000000e-01 5.000000000000000000e-01 7.500000000000000000e-01 1.000000000000000000e+00 5.624683681952360459e-01 5.625232617567740290e-01 5.625166698979705560e-01 5.617491758799937340e-01 5.618118382445236314e-01
-6.200000000000000649e-02 5.000000000000000000e+00 5.000000000000000000e+00 1.000000000000000056e-01 2.500000000000000000e-01 5.000000000000000000e-01 7.500000000000000000e-01 1.000000000000000000e+00 5.619509572244446582e-01 5.625601909310868898e-01 5.624419417872816851e-01 5.614561884654818424e-01 5.610422602375140233e-01
-6.000000000000000472e-02 5.000000000000000000e+00 5.000000000000000000e+00 1.000000000000000056e-01 2.500000000000000000e-01 5.000000000000000000e-01 7.500000000000000000e-01 1.000000000000000000e+00 5.627811410522269853e-01 5.623128418557821195e-01 5.618854574002356550e-01 5.608007084829562672e-01 5.602079555798360477e-01
-5.800000000000000294e-02 5.000000000000000000e+00 5.000000000000000000e+00 1.000000000000000056e-01 2.500000000000000000e-01 5.000000000000000000e-01 7.500000000000000000e-01 1.000000000000000000e+00 5.628041191214886441e-01 5.624025488814068385e-01 5.618922856900793183e-01 5.607418443746137182e-01 5.600614565413374324e-01
-5.600000000000000810e-02 5.000000000000000000e+00 5.000000000000000000e+00 1.000000000000000056e-01 2.500000000000000000e-01 5.000000000000000000e-01 7.500000000000000000e-01 1.000000000000000000e+00 5.619559083092535712e-01 5.623772889621554416e-01 5.621183600740805586e-01 5.613191913273364309e-01 5.604873751588570485e-01
-5.400000000000000633e-02 5.000000000000000000e+00 5.000000000000000000e+00 1.000000000000000056e-01 2.500000000000000000e-01 5.000000000000000000e-01 7.500000000000000000e-01 1.000000000000000000e+00 5.619498225926912172e-01 5.618746842979743805e-01 5.624576055150862786e-01 5.614596622282016503e-01 5.601249163436071710e-01
-5.200000000000000455e-02 5.000000000000000000e+00 5.000000000000000000e+00 1.000000000000000056e-01 2.500000000000000000e-01 5.000000000000000000e-01 7.500000000000000000e-01 1.000000000000000000e+00 5.618993517352058875e-01 5.619374861563146695e-01 5.619161664648407717e-01 5.624050530709178153e-01 5.605544260414218050e-01
-5.000000000000000278e-02 5.000000000000000000e+00 5.000000000000000000e+00 1.000000000000000056e-01 2.500000000000000000e-01 5.000000000000000000e-01 7.500000000000000000e-01 1.000000000000000000e+00 5.618912172719715548e-01 5.619066968223487279e-01 5.620036674420907374e-01 5.619836870494224756e-01 5.613616556325580209e-01
-4.800000000000000100e-02 5.000000000000000000e+00 5.000000000000000000e+00 1.000000000000000056e-01 2.500000000000000000e-01 5.000000000000000000e-01 7.500000000000000000e-01 1.000000000000000000e+00 5.622554270098094609e-01 5.618313284535489949e-01 5.626281860205848417e-01 5.622415352231344698e-01 5.619272517586585414e-01
-4.600000000000000616e-02 5.000000000000000000e+00 5.000000000000000000e+00 1.000000000000000056e-01 2.500000000000000000e-01 5.000000000000000000e-01 7.500000000000000000e-01 1.000000000000000000e+00 5.614768972305570482e-01 5.627708760294384271e-01 5.624660935284053753e-01 5.622881335904647004e-01 5.626865736683487329e-01
-4.400000000000000439e-02 5.000000000000000000e+00 5.000000000000000000e+00 1.000000000000000056e-01 2.500000000000000000e-01 5.000000000000000000e-01 7.500000000000000000e-01 1.000000000000000000e+00 5.618559100939972684e-01 5.622086052285339974e-01 5.625014605539143675e-01 5.623575245490397556e-01 5.631299627246000306e-01
-4.200000000000000261e-02 5.000000000000000000e+00 5.000000000000000000e+00 1.000000000000000056e-01 2.500000000000000000e-01 5.000000000000000000e-01 7.500000000000000000e-01 1.000000000000000000e+00 5.614068984494074988e-01 5.621908227219036824e-01 5.626278129545081441e-01 5.627888647961192259e-01 5.639560991060038608e-01
-4.000000000000000777e-02 5.000000000000000000e+00 5.000000000000000000e+00 1.000000000000000056e-01 2.500000000000000000e-01 5.000000000000000000e-01 7.500000000000000000e-01 1.000000000000000000e+00 5.620184038807758409e-01 5.624452318739762147e-01 5.622073581533790776e-01 5.630995868949179028e-01 5.650914950484187127e-01
-3.800000000000000600e-02 5.000000000000000000e+00 5.000000000000000000e+00 1.000000000000000056e-01 2.500000000000000000e-01 5.000000000000000000e-01 7.500000000000000000e-01 1.000000000000000000e+00 5.615818371112750729e-01 5.619838524956365378e-01 5.626944439804965059e-01 5.641626845622922382e-01 5.657865372079871058e-01
-3.600000000000000422e-02 5.000000000000000000e+00 5.000000000000000000e+00 1.000000000000000056e-01 2.500000000000000000e-01 5.000000000000000000e-01 7.500000000000000000e-01 1.000000000000000000e+00 5.619809128869406312e-01 5.621390750634310818e-01 5.630013262549036224e-01 5.642438716542070853e-01 5.670575510112721984e-01
-3.400000000000000244e-02 5.000000000000000000e+00 5.000000000000000000e+00 1.000000000000000056e-01 2.500000000000000000e-01 5.000000000000000000e-01 7.500000000000000000e-01 1.000000000000000000e+00 5.615857405763000632e-01 5.621216358181154726e-01 5.624170937122943137e-01 5.644357416157225193e-01 5.670425892761524755e-01
-3.200000000000000067e-02 5.000000000000000000e+00 5.000000000000000000e+00 1.000000000000000056e-01 2.500000000000000000e-01 5.000000000000000000e-01 7.500000000000000000e-01 1.000000000000000000e+00 5.614232401823312513e-01 5.617902785762790563e-01 5.617823712225979982e-01 5.636540679889818772e-01 5.657408407695166952e-01
-2.999999999999999889e-02 5.000000000000000000e+00 5.000000000000000000e+00 1.000000000000000056e-01 2.500000000000000000e-01 5.000000000000000000e-01 7.500000000000000000e-01 1.000000000000000000e+00 5.613081561909112338e-01 5.620453220348375911e-01 5.608892847836679518e-01 5.619354530686655469e-01 5.646933062658971991e-01
-2.799999999999999711e-02 5.000000000000000000e+00 5.000000000000000000e+00 1.000000000000000056e-01 2.500000000000000000e-01 5.000000000000000000e-01 7.500000000000000000e-01 1.000000000000000000e+00 5.611685732435207630e-01 5.606085597116079455e-01 5.601190532444214609e-01 5.596829473683047063e-01 5.619758693918827097e-01
-2.600000000000000921e-02 5.000000000000000000e+00 5.000000000000000000e+00 1.000000000000000056e-01 2.500000000000000000e-01 5.000000000000000000e-01 7.500000000000000000e-01 1.000000000000000000e+00 5.608512175676916289e-01 5.598593008092168644e-01 5.586722840976454663e-01 5.580441953879055061e-01 5.593001145232792126e-01
-2.400000000000000744e-02 5.000000000000000000e+00 5.000000000000000000e+00 1.000000000000000056e-01 2.500000000000000000e-01 5.000000000000000000e-01 7.500000000000000000e-01 1.000000000000000000e+00 5.604685759650729349e-01 5.590430888796529274e-01 5.567245514860229560e-01 5.541311548223889494e-01 5.543323217156342908e-01
-2.200000000000000566e-02 5.000000000000000000e+00 5.000000000000000000e+00 1.000000000000000056e-01 2.500000000000000000e-01 5.000000000000000000e-01 7.500000000000000000e-01 1.000000000000000000e+00 5.601696363872886719e-01 5.583789595087236268e-01 5.539919903269315826e-01 5.511068175825279969e-01 5.481741549108977152e-01
-2.000000000000000389e-02 5.000000000000000000e+00 5.000000000000000000e+00 1.000000000000000056e-01 2.500000000000000000e-01 5.000000000000000000e-01 7.500000000000000000e-01 1.000000000000000000e+00 5.593827431724874844e-01 5.572389297295394783e-01 5.517774580164727105e-01 5.466519993490375207e-01 5.428261303783988856e-01
-1.800000000000000211e-02 5.000000000000000000e+00 5.000000000000000000e+00 1.000000000000000056e-01 2.500000000000000000e-01 5.000000000000000000e-01 7.500000000000000000e-01 1.000000000000000000e+00 5.588006722450964414e-01 5.576381411916292441e-01 5.499090571317404308e-01 5.432727686163477676e-01 5.373893747659435061e-01
-1.600000000000000033e-02 5.000000000000000000e+00 5.000000000000000000e+00 1.000000000000000056e-01 2.500000000000000000e-01 5.000000000000000000e-01 7.500000000000000000e-01 1.000000000000000000e+00 5.598766226784310795e-01 5.572849571557072501e-01 5.480556580568153313e-01 5.406051394983122371e-01 5.316290474643844410e-01
-1.399999999999999856e-02 5.000000000000000000e+00 5.000000000000000000e+00 1.000000000000000056e-01 2.500000000000000000e-01 5.000000000000000000e-01 7.500000000000000000e-01 1.000000000000000000e+00 5.580893646702134170e-01 5.549943950240747714e-01 5.462795568346751063e-01 5.366977416640082987e-01 5.283402810834714192e-01
-1.200000000000001066e-02 5.000000000000000000e+00 5.000000000000000000e+00 1.000000000000000056e-01 2.500000000000000000e-01 5.000000000000000000e-01 7.500000000000000000e-01 1.000000000000000000e+00 5.590668958224407348e-01 5.550366774021964211e-01 5.455851239429381216e-01 5.346883666437186600e-01 5.245707974590088085e-01
-1.000000000000000888e-02 5.000000000000000000e+00 5.000000000000000000e+00 1.000000000000000056e-01 2.500000000000000000e-01 5.000000000000000000e-01 7.500000000000000000e-01 1.000000000000000000e+00 5.591214329915691339e-01 5.553036536350391961e-01 5.460711582922511687e-01 5.342181112495363315e-01 5.218836622976043005e-01
-8.000000000000007105e-03 5.000000000000000000e+00 5.000000000000000000e+00 1.000000000000000056e-01 2.500000000000000000e-01 5.000000000000000000e-01 7.500000000000000000e-01 1.000000000000000000e+00 5.594208272300189577e-01 5.558356021637910205e-01 5.473722156272394779e-01 5.349032481330783240e-01 5.200294101178876138e-01
-6.000000000000005329e-03 5.000000000000000000e+00 5.000000000000000000e+00 1.000000000000000056e-01 2.500000000000000000e-01 5.000000000000000000e-01 7.500000000000000000e-01 1.000000000000000000e+00 5.595030925245879638e-01 5.575687544848320076e-01 5.502097106627595879e-01 5.386767649070703934e-01 5.233581180016146917e-01
-4.000000000000003553e-03 5.000000000000000000e+00 5.000000000000000000e+00 1.000000000000000056e-01 2.500000000000000000e-01 5.000000000000000000e-01 7.500000000000000000e-01 1.000000000000000000e+00 5.612858868397091472e-01 5.612605935983971950e-01 5.561700130628655092e-01 5.481906593022783936e-01 5.348054455820145936e-01
-2.000000000000001776e-03 5.000000000000000000e+00 5.000000000000000000e+00 1.000000000000000056e-01 2.500000000000000000e-01 5.000000000000000000e-01 7.500000000000000000e-01 1.000000000000000000e+00 5.638486558894488798e-01 5.655003643598722762e-01 5.646358457085043359e-01 5.612513768280282811e-01 5.537166919024072431e-01
0.000000000000000000e+00 5.000000000000000000e+00 5.000000000000000000e+00 1.000000000000000056e-01 2.500000000000000000e-01 5.000000000000000000e-01 7.500000000000000000e-01 1.000000000000000000e+00 5.655260729947599874e-01 5.710780415017476797e-01 5.745750918432375176e-01 5.766790958859361327e-01 5.764165227038647865e-01
2.000000000000001776e-03 5.000000000000000000e+00 5.000000000000000000e+00 1.000000000000000056e-01 2.500000000000000000e-01 5.000000000000000000e-01 7.500000000000000000e-01 1.000000000000000000e+00 5.674723401039815096e-01 5.751284388291835192e-01 5.851126057531007563e-01 5.918139127644043151e-01 5.960423511690740028e-01
4.000000000000003553e-03 5.000000000000000000e+00 5.000000000000000000e+00 1.000000000000000056e-01 2.500000000000000000e-01 5.000000000000000000e-01 7.500000000000000000e-01 1.000000000000000000e+00 5.691743054924086609e-01 5.800417064990217586e-01 5.934780628846962891e-01 6.040704221205749347e-01 6.121482046680961631e-01
5.999999999999991451e-03 5.000000000000000000e+00 5.000000000000000000e+00 1.000000000000000056e-01 2.500000000000000000e-01 5.000000000000000000e-01 7.500000000000000000e-01 1.000000000000000000e+00 5.709618477250935076e-01 5.835664039632550981e-01 6.004383103742610972e-01 6.144394421634730152e-01 6.255624982826196723e-01
7.999999999999993228e-03 5.000000000000000000e+00 5.000000000000000000e+00 1.000000000000000056e-01 2.500000000000000000e-01 5.000000000000000000e-01 7.500000000000000000e-01 1.000000000000000000e+00 5.718845108393132426e-01 5.858591737977584257e-01 6.054218445186154707e-01 6.221061265322572753e-01 6.362530208714844981e-01
9.999999999999995004e-03 5.000000000000000000e+00 5.000000000000000000e+00 1.000000000000000056e-01 2.500000000000000000e-01 5.000000000000000000e-01 7.500000000000000000e-01 1.000000000000000000e+00 5.733265411873160744e-01 5.863176252635983188e-01 6.082227427300147538e-01 6.263681956610765988e-01 6.432844348281637759e-01
1.199999999999999678e-02 5.000000000000000000e+00 5.000000000000000000e+00 1.000000000000000056e-01 2.500000000000000000e-01 5.000000000000000000e-01 7.500000000000000000e-01 1.000000000000000000e+00 5.724378760581476655e-01 5.864063109067373381e-01 6.068165969247220071e-01 6.249309924893973189e-01 6.411135192374862735e-01
1.399999999999999856e-02 5.000000000000000000e+00 5.000000000000000000e+00 1.000000000000000056e-01 2.500000000000000000e-01 5.000000000000000000e-01 7.500000000000000000e-01 1.000000000000000000e+00 5.726881632933398247e-01 5.845635063865852743e-01 6.052985146801391769e-01 6.234089753274972834e-01 6.385362082776071535e-01
1.600000000000000033e-02 5.000000000000000000e+00 5.000000000000000000e+00 1.000000000000000056e-01 2.500000000000000000e-01 5.000000000000000000e-01 7.500000000000000000e-01 1.000000000000000000e+00 5.718194287934755815e-01 5.851144477427183688e-01 6.037525312384272036e-01 6.210549681243805464e-01 6.370805233574531323e-01
1.800000000000000211e-02 5.000000000000000000e+00 5.000000000000000000e+00 1.000000000000000056e-01 2.500000000000000000e-01 5.000000000000000000e-01 7.500000000000000000e-01 1.000000000000000000e+00 5.710653909702692044e-01 5.837713446087287039e-01 6.022459717133460400e-01 6.197065039200406744e-01 6.345401808210809902e-01
1.999999999999999001e-02 5.000000000000000000e+00 5.000000000000000000e+00 1.000000000000000056e-01 2.500000000000000000e-01 5.000000000000000000e-01 7.500000000000000000e-01 1.000000000000000000e+00 5.709437412205615736e-01 5.833219124884220230e-01 6.009762276004440018e-01 6.169692833030671064e-01 6.323687656822715164e-01
2.199999999999999178e-02 5.000000000000000000e+00 5.000000000000000000e+00 1.000000000000000056e-01 2.500000000000000000e-01 5.000000000000000000e-01 7.500000000000000000e-01 1.000000000000000000e+00 5.704748524804542642e-01 5.816533970057550240e-01 5.995350523376168361e-01 6.155896660961257538e-01 6.301046793077496044e-01
2.399999999999999356e-02 5.000000000000000000e+00 5.000000000000000000e+00 1.000000000000000056e-01 2.500000000000000000e-01 5.000000000000000000e-01 7.500000000000000000e-01 1.000000000000000000e+00 5.699360674818167993e-01 5.817770552260691508e-01 5.983335423067931425e-01 6.132702107238574563e-01 6.279973684393509448e-01
2.599999999999999534e-02 5.000000000000000000e+00 5.000000000000000000e+00 1.000000000000000056e-01 2.500000000000000000e-01 5.000000000000000000e-01 7.500000000000000000e-01 1.000000000000000000e+00 5.703648198047769347e-01 5.804938384259328288e-01 5.967263453628229852e-01 6.119837802093305301e-01 6.256716241573589965e-01
2.799999999999999711e-02 5.000000000000000000e+00 5.000000000000000000e+00 1.000000000000000056e-01 2.500000000000000000e-01 5.000000000000000000e-01 7.500000000000000000e-01 1.000000000000000000e+00 5.695760491772924317e-01 5.798268292434761717e-01 5.954272263133485454e-01 6.098483973269930303e-01 6.239652836779345790e-01
2.999999999999999889e-02 5.000000000000000000e+00 5.000000000000000000e+00 1.000000000000000056e-01 2.500000000000000000e-01 5.000000000000000000e-01 7.500000000000000000e-01 1.000000000000000000e+00 5.695131664276025241e-01 5.797326029214086018e-01 5.943650792289044693e-01 6.086011449130399598e-01 6.218191449919475700e-01
3.200000000000000067e-02 5.000000000000000000e+00 5.000000000000000000e+00 1.000000000000000056e-01 2.500000000000000000e-01 5.000000000000000000e-01 7.500000000000000000e-01 1.000000000000000000e+00 5.692534324973146376e-01 5.787422478286753380e-01 5.928817188470352217e-01 6.065066163155247159e-01 6.196016118979678078e-01
3.400000000000000244e-02 5.000000000000000000e+00 5.000000000000000000e+00 1.000000000000000056e-01 2.500000000000000000e-01 5.000000000000000000e-01 7.500000000000000000e-01 1.000000000000000000e+00 5.688478765856461727e-01 5.784639489785143862e-01 5.916679248423619697e-01 6.051899441167376548e-01 6.182851912101469116e-01
3.600000000000000422e-02 5.000000000000000000e+00 5.000000000000000000e+00 1.000000000000000056e-01 2.500000000000000000e-01 5.000000000000000000e-01 7.500000000000000000e-01 1.000000000000000000e+00 5.682198434881962079e-01 5.779414202406429890e-01 5.905090027357833282e-01 6.034320871621317028e-01 6.163831380995863363e-01
3.800000000000000600e-02 5.000000000000000000e+00 5.000000000000000000e+00 1.000000000000000056e-01 2.500000000000000000e-01 5.000000000000000000e-01 7.500000000000000000e-01 1.000000000000000000e+00 5.684340098903507554e-01 5.763263361357930936e-01 5.892771265154039817e-01 6.019802575314463500e-01 6.137995534764296712e-01
4.000000000000000777e-02 5.000000000000000000e+00 5.000000000000000000e+00 1.000000000000000056e-01 2.500000000000000000e-01 5.000000000000000000e-01 7.500000000000000000e-01 1.000000000000000000e+00 5.681022523554289938e-01 5.757100086971997932e-01 5.885076829465087922e-01 6.012113997837470469e-01 6.124545797885720955e-01
4.200000000000000955e-02 5.000000000000000000e+00 5.000000000000000000e+00 1.000000000000000056e-01 2.500000000000000000e-01 5.000000000000000000e-01 7.500000000000000000e-01 1.000000000000000000e+00 5.682458505795157100e-01 5.758357884478136901e-01 5.872065093327145657e-01 5.988612088785987275e-01 6.099400483765323733e-01
4.400000000000001132e-02 5.000000000000000000e+00 5.000000000000000000e+00 1.000000000000000056e-01 2.500000000000000000e-01 5.000000000000000000e-01 7.500000000000000000e-01 1.000000000000000000e+00 5.679488961250950263e-01 5.746446798551996249e-01 5.860656033915960794e-01 5.967551160418318457e-01 6.077259305489846053e-01
4.599999999999998535e-02 5.000000000000000000e+00 5.000000000000000000e+00 1.000000000000000056e-01 2.500000000000000000e-01 5.000000000000000000e-01 7.500000000000000000e-01 1.000000000000000000e+00 5.681352075657026823e-01 5.747875356449462236e-01 5.848282420783539326e-01 5.953075654549068174e-01 6.065878206887292956e-01
4.799999999999998712e-02 5.000000000000000000e+00 5.000000000000000000e+00 1.000000000000000056e-01 2.500000000000000000e-01 5.000000000000000000e-01 7.500000000000000000e-01 1.000000000000000000e+00 5.670148883485698343e-01 5.742496313976668265e-01 5.842504145579892061e-01 5.951191260445649611e-01 6.047770535668927083e-01
4.999999999999998890e-02 5.000000000000000000e+00 5.000000000000000000e+00 1.000000000000000056e-01 2.500000000000000000e-01 5.000000000000000000e-01 7.500000000000000000e-01 1.000000000000000000e+00 5.669643006032644150e-01 5.732488978190178885e-01 5.833600204896886021e-01 5.930315438943852824e-01 6.028273236550403258e-01
5.199999999999999067e-02 5.000000000000000000e+00 5.000000000000000000e+00 1.000000000000000056e-01 2.500000000000000000e-01 5.000000000000000000e-01 7.500000000000000000e-01 1.000000000000000000e+00 5.668451337806357238e-01 5.727944235595441302e-01 5.824045684040662918e-01 5.918545258984265756e-01 6.012233395708204142e-01
5.399999999999999245e-02 5.000000000000000000e+00 5.000000000000000000e+00 1.000000000000000056e-01 2.500000000000000000e-01 5.000000000000000000e-01 7.500000000000000000e-01 1.000000000000000000e+00 5.659031462516852518e-01 5.720180015202641632e-01 5.816598432913285821e-01 5.902772156990496732e-01 5.993035583370788233e-01
5.599999999999999423e-02 5.000000000000000000e+00 5.000000000000000000e+00 1.000000000000000056e-01 2.500000000000000000e-01 5.000000000000000000e-01 7.500000000000000000e-01 1.000000000000000000e+00 5.657855558593589684e-01 5.719312325170036182e-01 5.804319382664960836e-01 5.892619859951404582e-01 5.983262263456861074e-01
5.799999999999999600e-02 5.000000000000000000e+00 5.000000000000000000e+00 1.000000000000000056e-01 2.500000000000000000e-01 5.000000000000000000e-01 7.500000000000000000e-01 1.000000000000000000e+00 5.658765780923915578e-01 5.714717589447775303e-01 5.797692361525381699e-01 5.881386913656537763e-01 5.968411601217206153e-01
5.999999999999999778e-02 5.000000000000000000e+00 5.000000000000000000e+00 1.000000000000000056e-01 2.500000000000000000e-01 5.000000000000000000e-01 7.500000000000000000e-01 1.000000000000000000e+00 5.659581460979280498e-01 5.710560438639344927e-01 5.786845925827807102e-01 5.868812650699487543e-01 5.951919546602342237e-01
6.199999999999999956e-02 5.000000000000000000e+00 5.000000000000000000e+00 1.000000000000000056e-01 2.500000000000000000e-01 5.000000000000000000e-01 7.500000000000000000e-01 1.000000000000000000e+00 5.655856945721167151e-01 5.705748881068591905e-01 5.783127447252247588e-01 5.858073349116587059e-01 5.936832393874156288e-01
6.400000000000000133e-02 5.000000000000000000e+00 5.000000000000000000e+00 1.000000000000000056e-01 2.500000000000000000e-01 5.000000000000000000e-01 7.500000000000000000e-01 1.000000000000000000e+00 5.656159535194430488e-01 5.699479305890626790e-01 5.776317365193354147e-01 5.851034321211658895e-01 5.923406961412253091e-01
6.600000000000000311e-02 5.000000000000000000e+00 5.000000000000000000e+00 1.000000000000000056e-01 2.500000000000000000e-01 5.000000000000000000e-01 7.500000000000000000e-01 1.000000000000000000e+00 5.659670129537652805e-01 5.703854639693628492e-01 5.768020129812387875e-01 5.835773106966387624e-01 5.918136536531014569e-01
6.800000000000000488e-02 5.000000000000000000e+00 5.000000000000000000e+00 1.000000000000000056e-01 2.500000000000000000e-01 5.000000000000000000e-01 7.500000000000000000e-01 1.000000000000000000e+00 5.650222143528550456e-01 5.693425789711445972e-01 5.760065689438792491e-01 5.829424918968557634e-01 5.901556186251096792e-01
7.000000000000000666e-02 5.000000000000000000e+00 5.000000000000000000e+00 1.000000000000000056e-01 2.500000000000000000e-01 5.000000000000000000e-01 7.500000000000000000e-01 1.000000000000000000e+00 5.656668974827874230e-01 5.701098198016335550e-01 5.754129833090680934e-01 5.816806521965836030e-01 5.885444712983873838e-01
7.200000000000000844e-02 5.000000000000000000e+00 5.000000000000000000e+00 1.000000000000000056e-01 2.500000000000000000e-01 5.000000000000000000e-01 7.500000000000000000e-01 1.000000000000000000e+00 5.647378995850497185e-01 5.686540017537797809e-01 5.748242159172554100e-01 5.806316328114935477e-01 5.869597451014058054e-01
7.400000000000001021e-02 5.000000000000000000e+00 5.000000000000000000e+00 1.000000000000000056e-01 2.500000000000000000e-01 5.000000000000000000e-01 7.500000000000000000e-01 1.000000000000000000e+00 5.638512585597800220e-01 5.686937935205375050e-01 5.745658151520539603e-01 5.796336521893841187e-01 5.853214042387984151e-01
7.599999999999998423e-02 5.000000000000000000e+00 5.000000000000000000e+00 1.000000000000000056e-01 2.500000000000000000e-01 5.000000000000000000e-01 7.500000000000000000e-01 1.000000000000000000e+00 5.646952379367942143e-01 5.685785057417388488e-01 5.738523122498053741e-01 5.788627959350518548e-01 5.841195779390403464e-01
7.799999999999998601e-02 5.000000000000000000e+00 5.000000000000000000e+00 1.000000000000000056e-01 2.500000000000000000e-01 5.000000000000000000e-01 7.500000000000000000e-01 1.000000000000000000e+00 5.647666989658578496e-01 5.681355467519292324e-01 5.732956131227485708e-01 5.777389760476716596e-01 5.829017251944946798e-01
7.999999999999998779e-02 5.000000000000000000e+00 5.000000000000000000e+00 1.000000000000000056e-01 2.500000000000000000e-01 5.000000000000000000e-01 7.500000000000000000e-01 1.000000000000000000e+00 5.649985319199880562e-01 5.679843219243391195e-01 5.727887224598443572e-01 5.772895330209308895e-01 5.821065297890194445e-01
8.199999999999998956e-02 5.000000000000000000e+00 5.000000000000000000e+00 1.000000000000000056e-01 2.500000000000000000e-01 5.000000000000000000e-01 7.500000000000000000e-01 1.000000000000000000e+00 5.642075877782505300e-01 5.675031240266875665e-01 5.716682419288952044e-01 5.764792080293307253e-01 5.808974902301233811e-01
8.399999999999999134e-02 5.000000000000000000e+00 5.000000000000000000e+00 1.000000000000000056e-01 2.500000000000000000e-01 5.000000000000000000e-01 7.500000000000000000e-01 1.000000000000000000e+00 5.641583845897978344e-01 5.668142115979124540e-01 5.709727703235366603e-01 5.752483736570769279e-01 5.800258130863746864e-01
8.599999999999999312e-02 5.000000000000000000e+00 5.000000000000000000e+00 1.000000000000000056e-01 2.500000000000000000e-01 5.000000000000000000e-01 7.500000000000000000e-01 1.000000000000000000e+00 5.640448754472369153e-01 5.671539248415041756e-01 5.707377073629409381e-01 5.745941926772913932e-01 5.792866034230930161e-01
8.799999999999999489e-02 5.000000000000000000e+00 5.000000000000000000e+00 1.000000000000000056e-01 2.500000000000000000e-01 5.000000000000000000e-01 7.500000000000000000e-01 1.000000000000000000e+00 5.631640939307925864e-01 5.668888302000892887e-01 5.707045654799054457e-01 5.737457706151726233e-01 5.780294942785966228e-01
8.999999999999999667e-02 5.000000000000000000e+00 5.000000000000000000e+00 1.000000000000000056e-01 2.500000000000000000e-01 5.000000000000000000e-01 7.500000000000000000e-01 1.000000000000000000e+00 5.642815076938708652e-01 5.655473288397561138e-01 5.700913200266987113e-01 5.734407537070703720e-01 5.770686594847442841e-01
9.199999999999999845e-02 5.000000000000000000e+00 5.000000000000000000e+00 1.000000000000000056e-01 2.500000000000000000e-01 5.000000000000000000e-01 7.500000000000000000e-01 1.000000000000000000e+00 5.635528343631702741e-01 5.653551845497594153e-01 5.694829115186540447e-01 5.729756155144830609e-01 5.757704193803360182e-01
9.400000000000000022e-02 5.000000000000000000e+00 5.000000000000000000e+00 1.000000000000000056e-01 2.500000000000000000e-01 5.000000000000000000e-01 7.500000000000000000e-01 1.000000000000000000e+00 5.633100475976285937e-01 5.651523888477349988e-01 5.690736135955543062e-01 5.720821670497870937e-01 5.755478614974360863e-01
9.600000000000000200e-02 5.000000000000000000e+00 5.000000000000000000e+00 1.000000000000000056e-01 2.500000000000000000e-01 5.000000000000000000e-01 7.500000000000000000e-01 1.000000000000000000e+00 5.629678574139839187e-01 5.658185391140699849e-01 5.693775613916255418e-01 5.715810341986010679e-01 5.741417146477406641e-01
9.800000000000000377e-02 5.000000000000000000e+00 5.000000000000000000e+00 1.000000000000000056e-01 2.500000000000000000e-01 5.000000000000000000e-01 7.500000000000000000e-01 1.000000000000000000e+00 5.633254626077199845e-01 5.653646133376952765e-01 5.685937390381623491e-01 5.717006527579181485e-01 5.742867043021937512e-01
1.000000000000000056e-01 5.000000000000000000e+00 5.000000000000000000e+00 1.000000000000000056e-01 2.500000000000000000e-01 5.000000000000000000e-01 7.500000000000000000e-01 1.000000000000000000e+00 5.634749266489045283e-01 5.655144196062693585e-01 5.673289812417153799e-01 5.711831525909369933e-01 5.727552501982712263e-01
