-1.000000000000000056e-01 1.000000000000000000e+00 2.000000000000000000e+00 5.000000000000000000e+00 1.000000000000000000e+01 2.000000000000000000e+01 4.000000000000000000e+01 1.000000000000000000e+00 2.000000000000000000e+00 5.000000000000000000e+00 1.000000000000000000e+01 2.000000000000000000e+01 4.000000000000000000e+01 1.000000000000000000e+00 4.234616957726434761e-01 3.780961385917537276e-01 4.448609833318167284e-01 5.964996277147708303e-01 7.060562735198536721e-01 7.579176864778416345e-01
-9.800000000000000377e-02 1.000000000000000000e+00 2.000000000000000000e+00 5.000000000000000000e+00 1.000000000000000000e+01 2.000000000000000000e+01 4.000000000000000000e+01 1.000000000000000000e+00 2.000000000000000000e+00 5.000000000000000000e+00 1.000000000000000000e+01 2.000000000000000000e+01 4.000000000000000000e+01 1.000000000000000000e+00 4.235854670602499095e-01 3.784620855631494751e-01 4.451858632538545635e-01 5.966383003252382355e-01 7.064572411140870312e-01 7.583526777948047526e-01
-9.600000000000000200e-02 1.000000000000000000e+00 2.000000000000000000e+00 5.000000000000000000e+00 1.000000000000000000e+01 2.000000000000000000e+01 4.000000000000000000e+01 1.000000000000000000e+00 2.000000000000000000e+00 5.000000000000000000e+00 1.000000000000000000e+01 2.000000000000000000e+01 4.000000000000000000e+01 1.000000000000000000e+00 4.237884355275005066e-01 3.787715523780885163e-01 4.456215337813372313e-01 5.968220531460688427e-01 7.069065687983414614e-01 7.587782256467440201e-01
-9.400000000000000022e-02 1.000000000000000000e+00 2.000000000000000000e+00 5.000000000000000000e+00 1.000000000000000000e+01 2.000000000000000000e+01 4.000000000000000000e+01 1.000000000000000000e+00 2.000000000000000000e+00 5.000000000000000000e+00 1.000000000000000000e+01 2.000000000000000000e+01 4.000000000000000000e+01 1.000000000000000000e+00 4.238877084143182206e-01 3.790020559257567534e-01 4.461567743257910390e-01 5.973580385642418555e-01 7.071320305555778285e-01 7.592531540093556686e-01
-9.199999999999999845e-02 1.000000000000000000e+00 2.000000000000000000e+00 5.000000000000000000e+00 1.000000000000000000e+01 2.000000000000000000e+01 4.000000000000000000e+01 1.000000000000000000e+00 2.000000000000000000e+00 5.000000000000000000e+00 1.000000000000000000e+01 2.000000000000000000e+01 4.000000000000000000e+01 1.000000000000000000e+00 4.238272269791253377e-01 3.791547655267855088e-01 4.465425913171436889e-01 5.974911865153764712e-01 7.075809122804029849e-01 7.596257278225447829e-01
-9.000000000000001055e-02 1.000000000000000000e+00 2.000000000000000000e+00 5.000000000000000000e+00 1.000000000000000000e+01 2.000000000000000000e+01 4.000000000000000000e+01 1.000000000000000000e+00 2.000000000000000000e+00 5.000000000000000000e+00 1.000000000000000000e+01 2.000000000000000000e+01 4.000000000000000000e+01 1.000000000000000000e+00 4.238755173753817052e-01 3.793338617238198318e-01 4.469614942875772545e-01 5.976899173527497888e-01 7.080167369269673161e-01 7.599825512653433091e-01
-8.800000000000000877e-02 1.000000000000000000e+00 2.000000000000000000e+00 5.000000000000000000e+00 1.000000000000000000e+01 2.000000000000000000e+01 4.000000000000000000e+01 1.000000000000000000e+00 2.000000000000000000e+00 5.000000000000000000e+00 1.000000000000000000e+01 2.000000000000000000e+01 4.000000000000000000e+01 1.000000000000000000e+00 4.239719185204383622e-01 3.796030916733163507e-01 4.473576735989349129e-01 5.978461808730674010e-01 7.084515525599669461e-01 7.603301323384041854e-01
-8.600000000000000699e-02 1.000000000000000000e+00 2.000000000000000000e+00 5.000000000000000000e+00 1.000000000000000000e+01 2.000000000000000000e+01 4.000000000000000000e+01 1.000000000000000000e+00 2.000000000000000000e+00 5.000000000000000000e+00 1.000000000000000000e+01 2.000000000000000000e+01 4.000000000000000000e+01 1.000000000000000000e+00 4.234209253659698136e-01 3.799017200047210552e-01 4.477178642032473288e-01 5.970676155136311891e-01 7.088834959063337049e-01 7.606476459240429921e-01
-8.400000000000000522e-02 1.000000000000000000e+00 2.000000000000000000e+00 5.000000000000000000e+00 1.000000000000000000e+01 2.000000000000000000e+01 4.000000000000000000e+01 1.000000000000000000e+00 2.000000000000000000e+00 5.000000000000000000e+00 1.000000000000000000e+01 2.000000000000000000e+01 4.000000000000000000e+01 1.000000000000000000e+00 4.234673148100412399e-01 3.802346726753095818e-01 4.481382616704118194e-01 5.973100848397945306e-01 7.093146311453195629e-01 7.609413375562158466e-01
-8.200000000000000344e-02 1.000000000000000000e+00 2.000000000000000000e+00 5.000000000000000000e+00 1.000000000000000000e+01 2.000000000000000000e+01 4.000000000000000000e+01 1.000000000000000000e+00 2.000000000000000000e+00 5.000000000000000000e+00 1.000000000000000000e+01 2.000000000000000000e+01 4.000000000000000000e+01 1.000000000000000000e+00 4.235504037488535545e-01 3.805218035833567436e-01 4.484920394362803542e-01 5.974499046831647231e-01 7.097551102613649521e-01 7.612194518154292711e-01
-8.000000000000000167e-02 1.000000000000000000e+00 2.000000000000000000e+00 5.000000000000000000e+00 1.000000000000000000e+01 2.000000000000000000e+01 4.000000000000000000e+01 1.000000000000000000e+00 2.000000000000000000e+00 5.000000000000000000e+00 1.000000000000000000e+01 2.000000000000000000e+01 4.000000000000000000e+01 1.000000000000000000e+00 4.239074276804660202e-01 3.804734019865408934e-01 4.493999225289478927e-01 5.983437641069696555e-01 7.097984098155805111e-01 7.612187299139870911e-01
-7.800000000000001377e-02 1.000000000000000000e+00 2.000000000000000000e+00 5.000000000000000000e+00 1.000000000000000000e+01 2.000000000000000000e+01 4.000000000000000000e+01 1.000000000000000000e+00 2.000000000000000000e+00 5.000000000000000000e+00 1.000000000000000000e+01 2.000000000000000000e+01 4.000000000000000000e+01 1.000000000000000000e+00 4.240576499549886802e-01 3.808346239284039481e-01 4.500068209151282805e-01 5.985706340979930484e-01 7.102370162079398863e-01 7.614773915285697470e-01
-7.600000000000001199e-02 1.000000000000000000e+00 2.000000000000000000e+00 5.000000000000000000e+00 1.000000000000000000e+01 2.000000000000000000e+01 4.000000000000000000e+01 1.000000000000000000e+00 2.000000000000000000e+00 5.000000000000000000e+00 1.000000000000000000e+01 2.000000000000000000e+01 4.000000000000000000e+01 1.000000000000000000e+00 4.242467431486781626e-01 3.810906493313928611e-01 4.505529750300554803e-01 5.988085171973075438e-01 7.107068202339297258e-01 7.617279854131043804e-01
-7.400000000000001021e-02 1.000000000000000000e+00 2.000000000000000000e+00 5.000000000000000000e+00 1.000000000000000000e+01 2.000000000000000000e+01 4.000000000000000000e+01 1.000000000000000000e+00 2.000000000000000000e+00 5.000000000000000000e+00 1.000000000000000000e+01 2.000000000000000000e+01 4.000000000000000000e+01 1.000000000000000000e+00 4.243684692339632636e-01 3.815669517869809124e-01 4.509786536944060398e-01 5.987365507864309544e-01 7.115046183336778407e-01 7.619091846012642222e-01
-7.200000000000000844e-02 1.000000000000000000e+00 2.000000000000000000e+00 5.000000000000000000e+00 1.000000000000000000e+01 2.000000000000000000e+01 4.000000000000000000e+01 1.000000000000000000e+00 2.000000000000000000e+00 5.000000000000000000e+00 1.000000000000000000e+01 2.000000000000000000e+01 4.000000000000000000e+01 1.000000000000000000e+00 4.250338372631214945e-01 3.831737096454326807e-01 4.515913263081111073e-01 5.989458535519558424e-01 7.119184020824645964e-01 7.621245134554803791e-01
-7.000000000000000666e-02 1.000000000000000000e+00 2.000000000000000000e+00 5.000000000000000000e+00 1.000000000000000000e+01 2.000000000000000000e+01 4.000000000000000000e+01 1.000000000000000000e+00 2.000000000000000000e+00 5.000000000000000000e+00 1.000000000000000000e+01 2.000000000000000000e+01 4.000000000000000000e+01 1.000000000000000000e+00 4.252230044624871752e-01 3.834935170993018505e-01 4.521033337719509437e-01 5.992288544526706007e-01 7.123392473322375240e-01 7.623247103095792676e-01
-6.800000000000000488e-02 1.000000000000000000e+00 2.000000000000000000e+00 5.000000000000000000e+00 1.000000000000000000e+01 2.000000000000000000e+01 4.000000000000000000e+01 1.000000000000000000e+00 2.000000000000000000e+00 5.000000000000000000e+00 1.000000000000000000e+01 2.000000000000000000e+01 4.000000000000000000e+01 1.000000000000000000e+00 4.253513265346801631e-01 3.840866672059948805e-01 4.526812963647246502e-01 5.994619729551637910e-01 7.127856449548003459e-01 7.624602944777965075e-01
-6.600000000000000311e-02 1.000000000000000000e+00 2.000000000000000000e+00 5.000000000000000000e+00 1.000000000000000000e+01 2.000000000000000000e+01 4.000000000000000000e+01 1.000000000000000000e+00 2.000000000000000000e+00 5.000000000000000000e+00 1.000000000000000000e+01 2.000000000000000000e+01 4.000000000000000000e+01 1.000000000000000000e+00 4.250840975312534242e-01 3.829418398966859538e-01 4.513621549834599955e-01 5.982755883059038826e-01 7.131782126093695329e-01 7.626380523178709625e-01
-6.400000000000000133e-02 1.000000000000000000e+00 2.000000000000000000e+00 5.000000000000000000e+00 1.000000000000000000e+01 2.000000000000000000e+01 4.000000000000000000e+01 1.000000000000000000e+00 2.000000000000000000e+00 5.000000000000000000e+00 1.000000000000000000e+01 2.000000000000000000e+01 4.000000000000000000e+01 1.000000000000000000e+00 4.252592604236751783e-01 3.834027497858251143e-01 4.519310839778939437e-01 5.985765710989398025e-01 7.135548919624283837e-01 7.628004370916774413e-01
-6.200000000000000649e-02 1.000000000000000000e+00 2.000000000000000000e+00 5.000000000000000000e+00 1.000000000000000000e+01 2.000000000000000000e+01 4.000000000000000000e+01 1.000000000000000000e+00 2.000000000000000000e+00 5.000000000000000000e+00 1.000000000000000000e+01 2.000000000000000000e+01 4.000000000000000000e+01 1.000000000000000000e+00 4.254627972621757848e-01 3.838539442025725168e-01 4.525846895339115661e-01 5.988806588939294961e-01 7.139605665682318136e-01 7.629505243484110411e-01
-6.000000000000000472e-02 1.000000000000000000e+00 2.000000000000000000e+00 5.000000000000000000e+00 1.000000000000000000e+01 2.000000000000000000e+01 4.000000000000000000e+01 1.000000000000000000e+00 2.000000000000000000e+00 5.000000000000000000e+00 1.000000000000000000e+01 2.000000000000000000e+01 4.000000000000000000e+01 1.000000000000000000e+00 4.254730545792782537e-01 3.854423314322221739e-01 4.544535185851213965e-01 6.007844488152258577e-01 7.145308081244692300e-01 7.634053415193682302e-01
-5.800000000000000294e-02 1.000000000000000000e+00 2.000000000000000000e+00 5.000000000000000000e+00 1.000000000000000000e+01 2.000000000000000000e+01 4.000000000000000000e+01 1.000000000000000000e+00 2.000000000000000000e+00 5.000000000000000000e+00 1.000000000000000000e+01 2.000000000000000000e+01 4.000000000000000000e+01 1.000000000000000000e+00 4.257973580685412984e-01 3.860826376162979634e-01 4.552682985885554423e-01 6.011478364351543480e-01 7.149123531348978711e-01 7.635317156188748955e-01
-5.600000000000000810e-02 1.000000000000000000e+00 2.000000000000000000e+00 5.000000000000000000e+00 1.000000000000000000e+01 2.000000000000000000e+01 4.000000000000000000e+01 1.000000000000000000e+00 2.000000000000000000e+00 5.000000000000000000e+00 1.000000000000000000e+01 2.000000000000000000e+01 4.000000000000000000e+01 1.000000000000000000e+00 4.260394438638321901e-01 3.868281834826625687e-01 4.560325561686340845e-01 6.014669241353991502e-01 7.152536682755852304e-01 7.636443505420287270e-01
-5.400000000000000633e-02 1.000000000000000000e+00 2.000000000000000000e+00 5.000000000000000000e+00 1.000000000000000000e+01 2.000000000000000000e+01 4.000000000000000000e+01 1.000000000000000000e+00 2.000000000000000000e+00 5.000000000000000000e+00 1.000000000000000000e+01 2.000000000000000000e+01 4.000000000000000000e+01 1.000000000000000000e+00 4.264073577688534122e-01 3.875798090107129279e-01 4.563559060111109789e-01 6.014198200069835742e-01 7.156694047049050322e-01 7.637697767135228633e-01
-5.200000000000000455e-02 1.000000000000000000e+00 2.000000000000000000e+00 5.000000000000000000e+00 1.000000000000000000e+01 2.000000000000000000e+01 4.000000000000000000e+01 1.000000000000000000e+00 2.000000000000000000e+00 5.000000000000000000e+00 1.000000000000000000e+01 2.000000000000000000e+01 4.000000000000000000e+01 1.000000000000000000e+00 4.270355245095066588e-01 3.886034506888164652e-01 4.571851378489846796e-01 6.017355245443224421e-01 7.159969600473318208e-01 7.638684274834030008e-01
-5.000000000000000278e-02 1.000000000000000000e+00 2.000000000000000000e+00 5.000000000000000000e+00 1.000000000000000000e+01 2.000000000000000000e+01 4.000000000000000000e+01 1.000000000000000000e+00 2.000000000000000000e+00 5.000000000000000000e+00 1.000000000000000000e+01 2.000000000000000000e+01 4.000000000000000000e+01 1.000000000000000000e+00 4.274146922866415288e-01 3.895060632626905495e-01 4.580436865615249986e-01 6.020224567493958068e-01 7.162941674028212580e-01 7.639583654274202384e-01
-4.800000000000000100e-02 1.000000000000000000e+00 2.000000000000000000e+00 5.000000000000000000e+00 1.000000000000000000e+01 2.000000000000000000e+01 4.000000000000000000e+01 1.000000000000000000e+00 2.000000000000000000e+00 5.000000000000000000e+00 1.000000000000000000e+01 2.000000000000000000e+01 4.000000000000000000e+01 1.000000000000000000e+00 4.277792724883598408e-01 3.902949444706466098e-01 4.590036563744651077e-01 6.022920742718352871e-01 7.164409331694552296e-01 7.640746079289878478e-01
-4.600000000000000616e-02 1.000000000000000000e+00 2.000000000000000000e+00 5.000000000000000000e+00 1.000000000000000000e+01 2.000000000000000000e+01 4.000000000000000000e+01 1.000000000000000000e+00 2.000000000000000000e+00 5.000000000000000000e+00 1.000000000000000000e+01 2.000000000000000000e+01 4.000000000000000000e+01 1.000000000000000000e+00 4.280804944538325607e-01 3.898393812141942583e-01 4.608161186535643661e-01 6.028667086532782937e-01 7.166886896542088436e-01 7.641494869412238655e-01
-4.400000000000000439e-02 1.000000000000000000e+00 2.000000000000000000e+00 5.000000000000000000e+00 1.000000000000000000e+01 2.000000000000000000e+01 4.000000000000000000e+01 1.000000000000000000e+00 2.000000000000000000e+00 5.000000000000000000e+00 1.000000000000000000e+01 2.000000000000000000e+01 4.000000000000000000e+01 1.000000000000000000e+00 4.284758713513667217e-01 3.905632739765369510e-01 4.615929375734125761e-01 6.030653677041388772e-01 7.169316110934618180e-01 7.642164687783915555e-01
-4.200000000000000261e-02 1.000000000000000000e+00 2.000000000000000000e+00 5.000000000000000000e+00 1.000000000000000000e+01 2.000000000000000000e+01 4.000000000000000000e+01 1.000000000000000000e+00 2.000000000000000000e+00 5.000000000000000000e+00 1.000000000000000000e+01 2.000000000000000000e+01 4.000000000000000000e+01 1.000000000000000000e+00 4.288939066072075534e-01 3.914440817202135547e-01 4.622888919935496110e-01 6.032582499418149835e-01 7.171556177490833184e-01 7.642759047102098968e-01
-4.000000000000000777e-02 1.000000000000000000e+00 2.000000000000000000e+00 5.000000000000000000e+00 1.000000000000000000e+01 2.000000000000000000e+01 4.000000000000000000e+01 1.000000000000000000e+00 2.000000000000000000e+00 5.000000000000000000e+00 1.000000000000000000e+01 2.000000000000000000e+01 4.000000000000000000e+01 1.000000000000000000e+00 4.293789388918208827e-01 3.931819484491440586e-01 4.613189243159515063e-01 6.030212698189248988e-01 7.171579238026859482e-01 7.641986193598129251e-01
-3.800000000000000600e-02 1.000000000000000000e+00 2.000000000000000000e+00 5.000000000000000000e+00 1.000000000000000000e+01 2.000000000000000000e+01 4.000000000000000000e+01 1.000000000000000000e+00 2.000000000000000000e+00 5.000000000000000000e+00 1.000000000000000000e+01 2.000000000000000000e+01 4.000000000000000000e+01 1.000000000000000000e+00 4.297238776810055061e-01 3.939232793860737991e-01 4.619515241834040165e-01 6.032147545087837015e-01 7.173388306293041472e-01 7.642504584375726662e-01
-3.600000000000000422e-02 1.000000000000000000e+00 2.000000000000000000e+00 5.000000000000000000e+00 1.000000000000000000e+01 2.000000000000000000e+01 4.000000000000000000e+01 1.000000000000000000e+00 2.000000000000000000e+00 5.000000000000000000e+00 1.000000000000000000e+01 2.000000000000000000e+01 4.000000000000000000e+01 1.000000000000000000e+00 4.300868835943357227e-01 3.946695066430159216e-01 4.625036087889345948e-01 6.034132550583646282e-01 7.175256963486507100e-01 7.643011120860820906e-01
-3.400000000000000244e-02 1.000000000000000000e+00 2.000000000000000000e+00 5.000000000000000000e+00 1.000000000000000000e+01 2.000000000000000000e+01 4.000000000000000000e+01 1.000000000000000000e+00 2.000000000000000000e+00 5.000000000000000000e+00 1.000000000000000000e+01 2.000000000000000000e+01 4.000000000000000000e+01 1.000000000000000000e+00 4.302483312119685932e-01 3.952936125047675775e-01 4.626455184092456152e-01 6.035120024567409702e-01 7.180302181268283235e-01 7.643533338451440340e-01
-3.200000000000000067e-02 1.000000000000000000e+00 2.000000000000000000e+00 5.000000000000000000e+00 1.000000000000000000e+01 2.000000000000000000e+01 4.000000000000000000e+01 1.000000000000000000e+00 2.000000000000000000e+00 5.000000000000000000e+00 1.000000000000000000e+01 2.000000000000000000e+01 4.000000000000000000e+01 1.000000000000000000e+00 4.293806470918083429e-01 3.958537501951970849e-01 4.630895204723954328e-01 6.035703741390177068e-01 7.181527043971235313e-01 7.643851957254554907e-01
-2.999999999999999889e-02 1.000000000000000000e+00 2.000000000000000000e+00 5.000000000000000000e+00 1.000000000000000000e+01 2.000000000000000000e+01 4.000000000000000000e+01 1.000000000000000000e+00 2.000000000000000000e+00 5.000000000000000000e+00 1.000000000000000000e+01 2.000000000000000000e+01 4.000000000000000000e+01 1.000000000000000000e+00 4.277193551035384234e-01 3.954187991591618934e-01 4.632426792612347466e-01 6.035348796790999115e-01 7.183222781103508758e-01 7.644161930106043723e-01
-2.799999999999999711e-02 1.000000000000000000e+00 2.000000000000000000e+00 5.000000000000000000e+00 1.000000000000000000e+01 2.000000000000000000e+01 4.000000000000000000e+01 1.000000000000000000e+00 2.000000000000000000e+00 5.000000000000000000e+00 1.000000000000000000e+01 2.000000000000000000e+01 4.000000000000000000e+01 1.000000000000000000e+00 4.250641120413028995e-01 3.939334386350742401e-01 4.629481361720814703e-01 6.035272022518017865e-01 7.184841040400299361e-01 7.643997423223830578e-01
-2.600000000000000921e-02 1.000000000000000000e+00 2.000000000000000000e+00 5.000000000000000000e+00 1.000000000000000000e+01 2.000000000000000000e+01 4.000000000000000000e+01 1.000000000000000000e+00 2.000000000000000000e+00 5.000000000000000000e+00 1.000000000000000000e+01 2.000000000000000000e+01 4.000000000000000000e+01 1.000000000000000000e+00 4.219099473410699574e-01 3.908910982249104160e-01 4.636867576321765938e-01 6.033140256855387129e-01 7.185783712321899275e-01 7.644237415121095669e-01
-2.400000000000000744e-02 1.000000000000000000e+00 2.000000000000000000e+00 5.000000000000000000e+00 1.000000000000000000e+01 2.000000000000000000e+01 4.000000000000000000e+01 1.000000000000000000e+00 2.000000000000000000e+00 5.000000000000000000e+00 1.000000000000000000e+01 2.000000000000000000e+01 4.000000000000000000e+01 1.000000000000000000e+00 4.188258516866676384e-01 3.878676397734842629e-01 4.628289630416544953e-01 6.033210315419680336e-01 7.186579476920591514e-01 7.644481590161126272e-01
-2.200000000000000566e-02 1.000000000000000000e+00 2.000000000000000000e+00 5.000000000000000000e+00 1.000000000000000000e+01 2.000000000000000000e+01 4.000000000000000000e+01 1.000000000000000000e+00 2.000000000000000000e+00 5.000000000000000000e+00 1.000000000000000000e+01 2.000000000000000000e+01 4.000000000000000000e+01 1.000000000000000000e+00 4.157049763243270690e-01 3.848443101595308002e-01 4.619671266637775386e-01 6.033840712348358393e-01 7.187447014987168314e-01 7.644667511156805206e-01
-2.000000000000000389e-02 1.000000000000000000e+00 2.000000000000000000e+00 5.000000000000000000e+00 1.000000000000000000e+01 2.000000000000000000e+01 4.000000000000000000e+01 1.000000000000000000e+00 2.000000000000000000e+00 5.000000000000000000e+00 1.000000000000000000e+01 2.000000000000000000e+01 4.000000000000000000e+01 1.000000000000000000e+00 4.132022390522945843e-01 3.822872351501651056e-01 4.609199015110910236e-01 6.040312916294781065e-01 7.181237755385456722e-01 7.645839032360578491e-01
-1.800000000000000211e-02 1.000000000000000000e+00 2.000000000000000000e+00 5.000000000000000000e+00 1.000000000000000000e+01 2.000000000000000000e+01 4.000000000000000000e+01 1.000000000000000000e+00 2.000000000000000000e+00 5.000000000000000000e+00 1.000000000000000000e+01 2.000000000000000000e+01 4.000000000000000000e+01 1.000000000000000000e+00 4.102111573028747182e-01 3.793731449075694595e-01 4.601705314191161245e-01 6.040725753498931150e-01 7.181803245956617232e-01 7.645931364277477327e-01
-1.600000000000000033e-02 1.000000000000000000e+00 2.000000000000000000e+00 5.000000000000000000e+00 1.000000000000000000e+01 2.000000000000000000e+01 4.000000000000000000e+01 1.000000000000000000e+00 2.000000000000000000e+00 5.000000000000000000e+00 1.000000000000000000e+01 2.000000000000000000e+01 4.000000000000000000e+01 1.000000000000000000e+00 4.072878703817587320e-01 3.766149398952283733e-01 4.596513076303602174e-01 6.041309163208273825e-01 7.182288006056388729e-01 7.645982346728739110e-01
-1.399999999999999856e-02 1.000000000000000000e+00 2.000000000000000000e+00 5.000000000000000000e+00 1.000000000000000000e+01 2.000000000000000000e+01 4.000000000000000000e+01 1.000000000000000000e+00 2.000000000000000000e+00 5.000000000000000000e+00 1.000000000000000000e+01 2.000000000000000000e+01 4.000000000000000000e+01 1.000000000000000000e+00 4.046574886437762641e-01 3.745168545291004958e-01 4.594784068222786955e-01 6.042800992465138243e-01 7.184993519019415853e-01 7.645464702664188650e-01
-1.200000000000001066e-02 1.000000000000000000e+00 2.000000000000000000e+00 5.000000000000000000e+00 1.000000000000000000e+01 2.000000000000000000e+01 4.000000000000000000e+01 1.000000000000000000e+00 2.000000000000000000e+00 5.000000000000000000e+00 1.000000000000000000e+01 2.000000000000000000e+01 4.000000000000000000e+01 1.000000000000000000e+00 4.052392082712483745e-01 3.746704461724262858e-01 4.601071301071119057e-01 6.044575908590693603e-01 7.185306435988518814e-01 7.645476149079329931e-01
-1.000000000000000888e-02 1.000000000000000000e+00 2.000000000000000000e+00 5.000000000000000000e+00 1.000000000000000000e+01 2.000000000000000000e+01 4.000000000000000000e+01 1.000000000000000000e+00 2.000000000000000000e+00 5.000000000000000000e+00 1.000000000000000000e+01 2.000000000000000000e+01 4.000000000000000000e+01 1.000000000000000000e+00 4.059476242501133259e-01 3.755747671662355014e-01 4.607421842324338490e-01 6.045420226497595362e-01 7.185289499607561137e-01 7.645473776475252281e-01
-8.000000000000007105e-03 1.000000000000000000e+00 2.000000000000000000e+00 5.000000000000000000e+00 1.000000000000000000e+01 2.000000000000000000e+01 4.000000000000000000e+01 1.000000000000000000e+00 2.000000000000000000e+00 5.000000000000000000e+00 1.000000000000000000e+01 2.000000000000000000e+01 4.000000000000000000e+01 1.000000000000000000e+00 4.067015055416713931e-01 3.765630064288966183e-01 4.613622958350169223e-01 6.046619604538610027e-01 7.186733043783029018e-01 7.645781513975006272e-01
-6.000000000000005329e-03 1.000000000000000000e+00 2.000000000000000000e+00 5.000000000000000000e+00 1.000000000000000000e+01 2.000000000000000000e+01 4.000000000000000000e+01 1.000000000000000000e+00 2.000000000000000000e+00 5.000000000000000000e+00 1.000000000000000000e+01 2.000000000000000000e+01 4.000000000000000000e+01 1.000000000000000000e+00 4.074514712950526030e-01 3.788473295736884960e-01 4.623819344038891388e-01 6.046100028382151992e-01 7.186366374660053680e-01 7.645719670976496296e-01
-4.000000000000003553e-03 1.000000000000000000e+00 2.000000000000000000e+00 5.000000000000000000e+00 1.000000000000000000e+01 2.000000000000000000e+01 4.000000000000000000e+01 1.000000000000000000e+00 2.000000000000000000e+00 5.000000000000000000e+00 1.000000000000000000e+01 2.000000000000000000e+01 4.000000000000000000e+01 1.000000000000000000e+00 4.081972984495478851e-01 3.798648399472742132e-01 4.630921747124179255e-01 6.046811996799305033e-01 7.185861364295498266e-01 7.645641574325563461e-01
-2.000000000000001776e-03 1.000000000000000000e+00 2.000000000000000000e+00 5.000000000000000000e+00 1.000000000000000000e+01 2.000000000000000000e+01 4.000000000000000000e+01 1.000000000000000000e+00 2.000000000000000000e+00 5.000000000000000000e+00 1.000000000000000000e+01 2.000000000000000000e+01 4.000000000000000000e+01 1.000000000000000000e+00 4.088769986653599253e-01 3.809672671608765326e-01 4.638174224863427231e-01 6.047706711999861762e-01 7.185333654400697379e-01 7.645523704332130022e-01
0.000000000000000000e+00 1.000000000000000000e+00 2.000000000000000000e+00 5.000000000000000000e+00 1.000000000000000000e+01 2.000000000000000000e+01 4.000000000000000000e+01 1.000000000000000000e+00 2.000000000000000000e+00 5.000000000000000000e+00 1.000000000000000000e+01 2.000000000000000000e+01 4.000000000000000000e+01 1.000000000000000000e+00 4.093979265508123633e-01 3.815566837042069226e-01 4.642745793347595185e-01 6.046245422129405966e-01 7.185015044683966678e-01 7.645740374068639156e-01
2.000000000000001776e-03 1.000000000000000000e+00 2.000000000000000000e+00 5.000000000000000000e+00 1.000000000000000000e+01 2.000000000000000000e+01 4.000000000000000000e+01 1.000000000000000000e+00 2.000000000000000000e+00 5.000000000000000000e+00 1.000000000000000000e+01 2.000000000000000000e+01 4.000000000000000000e+01 1.000000000000000000e+00 4.100597354869212618e-01 3.826000054252250981e-01 4.649993066193252034e-01 6.047352608129978879e-01 7.184273137214873817e-01 7.645597480213166541e-01
4.000000000000003553e-03 1.000000000000000000e+00 2.000000000000000000e+00 5.000000000000000000e+00 1.000000000000000000e+01 2.000000000000000000e+01 4.000000000000000000e+01 1.000000000000000000e+00 2.000000000000000000e+00 5.000000000000000000e+00 1.000000000000000000e+01 2.000000000000000000e+01 4.000000000000000000e+01 1.000000000000000000e+00 4.108020169239844366e-01 3.836107673300381271e-01 4.657662083470126002e-01 6.048037964892050145e-01 7.183327529698118052e-01 7.645464182147858612e-01
5.999999999999991451e-03 1.000000000000000000e+00 2.000000000000000000e+00 5.000000000000000000e+00 1.000000000000000000e+01 2.000000000000000000e+01 4.000000000000000000e+01 1.000000000000000000e+00 2.000000000000000000e+00 5.000000000000000000e+00 1.000000000000000000e+01 2.000000000000000000e+01 4.000000000000000000e+01 1.000000000000000000e+00 5.438515680028280785e-01 5.664253573782104256e-01 6.150132636753132820e-01 6.744907146328938952e-01 7.377124721515374572e-01 7.656972650250576384e-01
7.999999999999993228e-03 1.000000000000000000e+00 2.000000000000000000e+00 5.000000000000000000e+00 1.000000000000000000e+01 2.000000000000000000e+01 4.000000000000000000e+01 1.000000000000000000e+00 2.000000000000000000e+00 5.000000000000000000e+00 1.000000000000000000e+01 2.000000000000000000e+01 4.000000000000000000e+01 1.000000000000000000e+00 5.385929628343534281e-01 5.608558928432596513e-01 6.116459097581710136e-01 6.728604854571611504e-01 7.372278122607259787e-01 7.656727225586028585e-01
9.999999999999995004e-03 1.000000000000000000e+00 2.000000000000000000e+00 5.000000000000000000e+00 1.000000000000000000e+01 2.000000000000000000e+01 4.000000000000000000e+01 1.000000000000000000e+00 2.000000000000000000e+00 5.000000000000000000e+00 1.000000000000000000e+01 2.000000000000000000e+01 4.000000000000000000e+01 1.000000000000000000e+00 5.335531463613418790e-01 5.550314421714555024e-01 6.081513498540345175e-01 6.712100413327217741e-01 7.367458351956783780e-01 7.656471216374505229e-01
1.199999999999999678e-02 1.000000000000000000e+00 2.000000000000000000e+00 5.000000000000000000e+00 1.000000000000000000e+01 2.000000000000000000e+01 4.000000000000000000e+01 1.000000000000000000e+00 2.000000000000000000e+00 5.000000000000000000e+00 1.000000000000000000e+01 2.000000000000000000e+01 4.000000000000000000e+01 1.000000000000000000e+00 5.283781409499073156e-01 5.489252472496134461e-01 6.045213366469160965e-01 6.695415347756893398e-01 7.363146905726469793e-01 7.656165917130243193e-01
1.399999999999999856e-02 1.000000000000000000e+00 2.000000000000000000e+00 5.000000000000000000e+00 1.000000000000000000e+01 2.000000000000000000e+01 4.000000000000000000e+01 1.000000000000000000e+00 2.000000000000000000e+00 5.000000000000000000e+00 1.000000000000000000e+01 2.000000000000000000e+01 4.000000000000000000e+01 1.000000000000000000e+00 5.230000911426205823e-01 5.418360065234448797e-01 6.004313884713627925e-01 6.678450714213605144e-01 7.358300638629617918e-01 7.655923633741935630e-01
1.600000000000000033e-02 1.000000000000000000e+00 2.000000000000000000e+00 5.000000000000000000e+00 1.000000000000000000e+01 2.000000000000000000e+01 4.000000000000000000e+01 1.000000000000000000e+00 2.000000000000000000e+00 5.000000000000000000e+00 1.000000000000000000e+01 2.000000000000000000e+01 4.000000000000000000e+01 1.000000000000000000e+00 5.175608088145717822e-01 5.350745469177742297e-01 5.964912074164825384e-01 6.661333778608538037e-01 7.353468664378453035e-01 7.655682272274491051e-01
1.800000000000000211e-02 1.000000000000000000e+00 2.000000000000000000e+00 5.000000000000000000e+00 1.000000000000000000e+01 2.000000000000000000e+01 4.000000000000000000e+01 1.000000000000000000e+00 2.000000000000000000e+00 5.000000000000000000e+00 1.000000000000000000e+01 2.000000000000000000e+01 4.000000000000000000e+01 1.000000000000000000e+00 5.119754992642089331e-01 5.279641290255751018e-01 5.923898352320648986e-01 6.644019131780883880e-01 7.348589098568283351e-01 7.655447865450817346e-01
1.999999999999999001e-02 1.000000000000000000e+00 2.000000000000000000e+00 5.000000000000000000e+00 1.000000000000000000e+01 2.000000000000000000e+01 4.000000000000000000e+01 1.000000000000000000e+00 2.000000000000000000e+00 5.000000000000000000e+00 1.000000000000000000e+01 2.000000000000000000e+01 4.000000000000000000e+01 1.000000000000000000e+00 5.068785169838906368e-01 5.204277117717275303e-01 5.883709958854478339e-01 6.633418814993403689e-01 7.345235247985419935e-01 7.654634183809330139e-01
2.199999999999999178e-02 1.000000000000000000e+00 2.000000000000000000e+00 5.000000000000000000e+00 1.000000000000000000e+01 2.000000000000000000e+01 4.000000000000000000e+01 1.000000000000000000e+00 2.000000000000000000e+00 5.000000000000000000e+00 1.000000000000000000e+01 2.000000000000000000e+01 4.000000000000000000e+01 1.000000000000000000e+00 5.010111797141399981e-01 5.126041288119664863e-01 5.839481163016667642e-01 6.615746260415977797e-01 7.340329629744921647e-01 7.654375757012520376e-01
2.399999999999999356e-02 1.000000000000000000e+00 2.000000000000000000e+00 5.000000000000000000e+00 1.000000000000000000e+01 2.000000000000000000e+01 4.000000000000000000e+01 1.000000000000000000e+00 2.000000000000000000e+00 5.000000000000000000e+00 1.000000000000000000e+01 2.000000000000000000e+01 4.000000000000000000e+01 1.000000000000000000e+00 4.950204136440687908e-01 5.044051283549081388e-01 5.793590438339649706e-01 6.597812815404533460e-01 7.335486526396306495e-01 7.654105645948717784e-01
2.599999999999999534e-02 1.000000000000000000e+00 2.000000000000000000e+00 5.000000000000000000e+00 1.000000000000000000e+01 2.000000000000000000e+01 4.000000000000000000e+01 1.000000000000000000e+00 2.000000000000000000e+00 5.000000000000000000e+00 1.000000000000000000e+01 2.000000000000000000e+01 4.000000000000000000e+01 1.000000000000000000e+00 4.888769805935295198e-01 4.958663659703344551e-01 5.746701291220555063e-01 6.580181887582566835e-01 7.331157251338544789e-01 7.654335738589811422e-01
2.799999999999999711e-02 1.000000000000000000e+00 2.000000000000000000e+00 5.000000000000000000e+00 1.000000000000000000e+01 2.000000000000000000e+01 4.000000000000000000e+01 1.000000000000000000e+00 2.000000000000000000e+00 5.000000000000000000e+00 1.000000000000000000e+01 2.000000000000000000e+01 4.000000000000000000e+01 1.000000000000000000e+00 4.819121458610925446e-01 4.886249513580545045e-01 5.699074366155868487e-01 6.562811008870838014e-01 7.326213026918567683e-01 7.654061731424790516e-01
2.999999999999999889e-02 1.000000000000000000e+00 2.000000000000000000e+00 5.000000000000000000e+00 1.000000000000000000e+01 2.000000000000000000e+01 4.000000000000000000e+01 1.000000000000000000e+00 2.000000000000000000e+00 5.000000000000000000e+00 1.000000000000000000e+01 2.000000000000000000e+01 4.000000000000000000e+01 1.000000000000000000e+00 4.755676153941884032e-01 4.795687737454658595e-01 5.650647408303303143e-01 6.545537376954309039e-01 7.321360828729208681e-01 7.653794067364680931e-01
3.200000000000000067e-02 1.000000000000000000e+00 2.000000000000000000e+00 5.000000000000000000e+00 1.000000000000000000e+01 2.000000000000000000e+01 4.000000000000000000e+01 1.000000000000000000e+00 2.000000000000000000e+00 5.000000000000000000e+00 1.000000000000000000e+01 2.000000000000000000e+01 4.000000000000000000e+01 1.000000000000000000e+00 4.691191483328784884e-01 4.703358912611111942e-01 5.602651384964073555e-01 6.528951832555702772e-01 7.314821336819746778e-01 7.653200424768878962e-01
3.400000000000000244e-02 1.000000000000000000e+00 2.000000000000000000e+00 5.000000000000000000e+00 1.000000000000000000e+01 2.000000000000000000e+01 4.000000000000000000e+01 1.000000000000000000e+00 2.000000000000000000e+00 5.000000000000000000e+00 1.000000000000000000e+01 2.000000000000000000e+01 4.000000000000000000e+01 1.000000000000000000e+00 4.632847852977239889e-01 4.607320378221462231e-01 5.546806655134406405e-01 6.506460321650729961e-01 7.310276079595278143e-01 7.652948060984069434e-01
3.600000000000000422e-02 1.000000000000000000e+00 2.000000000000000000e+00 5.000000000000000000e+00 1.000000000000000000e+01 2.000000000000000000e+01 4.000000000000000000e+01 1.000000000000000000e+00 2.000000000000000000e+00 5.000000000000000000e+00 1.000000000000000000e+01 2.000000000000000000e+01 4.000000000000000000e+01 1.000000000000000000e+00 4.568316684345955503e-01 4.516462443757760514e-01 5.499550079535786562e-01 6.490740911276228209e-01 7.305772502400773583e-01 7.652692079513085943e-01
3.800000000000000600e-02 1.000000000000000000e+00 2.000000000000000000e+00 5.000000000000000000e+00 1.000000000000000000e+01 2.000000000000000000e+01 4.000000000000000000e+01 1.000000000000000000e+00 2.000000000000000000e+00 5.000000000000000000e+00 1.000000000000000000e+01 2.000000000000000000e+01 4.000000000000000000e+01 1.000000000000000000e+00 4.503212996466310902e-01 4.428246633153963829e-01 5.452462867232834576e-01 6.475848002176013418e-01 7.301570237785879325e-01 7.652465668513321884e-01
4.000000000000000777e-02 1.000000000000000000e+00 2.000000000000000000e+00 5.000000000000000000e+00 1.000000000000000000e+01 2.000000000000000000e+01 4.000000000000000000e+01 1.000000000000000000e+00 2.000000000000000000e+00 5.000000000000000000e+00 1.000000000000000000e+01 2.000000000000000000e+01 4.000000000000000000e+01 1.000000000000000000e+00 4.440661842718706120e-01 4.345418667983218519e-01 5.420608113168799980e-01 6.460393501665484539e-01 7.298973146272176304e-01 7.651146638933996602e-01
4.200000000000000955e-02 1.000000000000000000e+00 2.000000000000000000e+00 5.000000000000000000e+00 1.000000000000000000e+01 2.000000000000000000e+01 4.000000000000000000e+01 1.000000000000000000e+00 2.000000000000000000e+00 5.000000000000000000e+00 1.000000000000000000e+01 2.000000000000000000e+01 4.000000000000000000e+01 1.000000000000000000e+00 4.376877772660740518e-01 4.265274643970800028e-01 5.376372351877735101e-01 6.447399656646640720e-01 7.295056499825637308e-01 7.650892602074652604e-01
4.400000000000001132e-02 1.000000000000000000e+00 2.000000000000000000e+00 5.000000000000000000e+00 1.000000000000000000e+01 2.000000000000000000e+01 4.000000000000000000e+01 1.000000000000000000e+00 2.000000000000000000e+00 5.000000000000000000e+00 1.000000000000000000e+01 2.000000000000000000e+01 4.000000000000000000e+01 1.000000000000000000e+00 4.315306290482198159e-01 4.191350277942341718e-01 5.333663669453844181e-01 6.434543781802942730e-01 7.291345949946780314e-01 7.650655333124194435e-01
4.599999999999998535e-02 1.000000000000000000e+00 2.000000000000000000e+00 5.000000000000000000e+00 1.000000000000000000e+01 2.000000000000000000e+01 4.000000000000000000e+01 1.000000000000000000e+00 2.000000000000000000e+00 5.000000000000000000e+00 1.000000000000000000e+01 2.000000000000000000e+01 4.000000000000000000e+01 1.000000000000000000e+00 4.255515403198568691e-01 4.123578383530516200e-01 5.300249814103896728e-01 6.423133799848914638e-01 7.289083490127529208e-01 7.650471490005482655e-01
4.799999999999998712e-02 1.000000000000000000e+00 2.000000000000000000e+00 5.000000000000000000e+00 1.000000000000000000e+01 2.000000000000000000e+01 4.000000000000000000e+01 1.000000000000000000e+00 2.000000000000000000e+00 5.000000000000000000e+00 1.000000000000000000e+01 2.000000000000000000e+01 4.000000000000000000e+01 1.000000000000000000e+00 4.197999123668106347e-01 4.058476710196917137e-01 5.261550619745083424e-01 6.411304899845983174e-01 7.285888244739038289e-01 7.650222699006539173e-01
4.999999999999998890e-02 1.000000000000000000e+00 2.000000000000000000e+00 5.000000000000000000e+00 1.000000000000000000e+01 2.000000000000000000e+01 4.000000000000000000e+01 1.000000000000000000e+00 2.000000000000000000e+00 5.000000000000000000e+00 1.000000000000000000e+01 2.000000000000000000e+01 4.000000000000000000e+01 1.000000000000000000e+00 4.145692834882885869e-01 4.003755097404749774e-01 5.224452204788776477e-01 6.399288034293766358e-01 7.282749759025674008e-01 7.650036636134059931e-01
5.199999999999999067e-02 1.000000000000000000e+00 2.000000000000000000e+00 5.000000000000000000e+00 1.000000000000000000e+01 2.000000000000000000e+01 4.000000000000000000e+01 1.000000000000000000e+00 2.000000000000000000e+00 5.000000000000000000e+00 1.000000000000000000e+01 2.000000000000000000e+01 4.000000000000000000e+01 1.000000000000000000e+00 4.097022802420493548e-01 3.955208072581645196e-01 5.191080630762958670e-01 6.387897981168011441e-01 7.279378224377687223e-01 7.650345779505852706e-01
5.399999999999999245e-02 1.000000000000000000e+00 2.000000000000000000e+00 5.000000000000000000e+00 1.000000000000000000e+01 2.000000000000000000e+01 4.000000000000000000e+01 1.000000000000000000e+00 2.000000000000000000e+00 5.000000000000000000e+00 1.000000000000000000e+01 2.000000000000000000e+01 4.000000000000000000e+01 1.000000000000000000e+00 4.041841289566133200e-01 3.905258838666714749e-01 5.149866466435336632e-01 6.377038069667827491e-01 7.276739355392541908e-01 7.650143429977386278e-01
5.599999999999999423e-02 1.000000000000000000e+00 2.000000000000000000e+00 5.000000000000000000e+00 1.000000000000000000e+01 2.000000000000000000e+01 4.000000000000000000e+01 1.000000000000000000e+00 2.000000000000000000e+00 5.000000000000000000e+00 1.000000000000000000e+01 2.000000000000000000e+01 4.000000000000000000e+01 1.000000000000000000e+00 4.001639769219826337e-01 3.869326978848189325e-01 5.121313856143985266e-01 6.366625588004292124e-01 7.274192124133395110e-01 7.649905403263467241e-01
5.799999999999999600e-02 1.000000000000000000e+00 2.000000000000000000e+00 5.000000000000000000e+00 1.000000000000000000e+01 2.000000000000000000e+01 4.000000000000000000e+01 1.000000000000000000e+00 2.000000000000000000e+00 5.000000000000000000e+00 1.000000000000000000e+01 2.000000000000000000e+01 4.000000000000000000e+01 1.000000000000000000e+00 3.965688654716457706e-01 3.837679744662823578e-01 5.094724925843153729e-01 6.356665407199889595e-01 7.271871298906449343e-01 7.649705474012682416e-01
5.999999999999999778e-02 1.000000000000000000e+00 2.000000000000000000e+00 5.000000000000000000e+00 1.000000000000000000e+01 2.000000000000000000e+01 4.000000000000000000e+01 1.000000000000000000e+00 2.000000000000000000e+00 5.000000000000000000e+00 1.000000000000000000e+01 2.000000000000000000e+01 4.000000000000000000e+01 1.000000000000000000e+00 3.947338596667699928e-01 3.814992242382025389e-01 5.073983554175244270e-01 6.347374775345199227e-01 7.265182792516871046e-01 7.648062934613611974e-01
6.199999999999999956e-02 1.000000000000000000e+00 2.000000000000000000e+00 5.000000000000000000e+00 1.000000000000000000e+01 2.000000000000000000e+01 4.000000000000000000e+01 1.000000000000000000e+00 2.000000000000000000e+00 5.000000000000000000e+00 1.000000000000000000e+01 2.000000000000000000e+01 4.000000000000000000e+01 1.000000000000000000e+00 3.920101428283281897e-01 3.791502950669100036e-01 5.052740126806435361e-01 6.338222474325931888e-01 7.262953840084624968e-01 7.647881713700868112e-01
6.400000000000000133e-02 1.000000000000000000e+00 2.000000000000000000e+00 5.000000000000000000e+00 1.000000000000000000e+01 2.000000000000000000e+01 4.000000000000000000e+01 1.000000000000000000e+00 2.000000000000000000e+00 5.000000000000000000e+00 1.000000000000000000e+01 2.000000000000000000e+01 4.000000000000000000e+01 1.000000000000000000e+00 3.897987471527959435e-01 3.773164171860395877e-01 5.033049380674117224e-01 6.329616146529264409e-01 7.260888257287234637e-01 7.647654869721757231e-01
6.600000000000000311e-02 1.000000000000000000e+00 2.000000000000000000e+00 5.000000000000000000e+00 1.000000000000000000e+01 2.000000000000000000e+01 4.000000000000000000e+01 1.000000000000000000e+00 2.000000000000000000e+00 5.000000000000000000e+00 1.000000000000000000e+01 2.000000000000000000e+01 4.000000000000000000e+01 1.000000000000000000e+00 3.879765624927316026e-01 3.757503265796762748e-01 5.010402212308945336e-01 6.322618032071676275e-01 7.263488009521614774e-01 7.647653129999936183e-01
6.800000000000000488e-02 1.000000000000000000e+00 2.000000000000000000e+00 5.000000000000000000e+00 1.000000000000000000e+01 2.000000000000000000e+01 4.000000000000000000e+01 1.000000000000000000e+00 2.000000000000000000e+00 5.000000000000000000e+00 1.000000000000000000e+01 2.000000000000000000e+01 4.000000000000000000e+01 1.000000000000000000e+00 3.863677529828859480e-01 3.737738499715618223e-01 4.992621457473823132e-01 6.315514854261746747e-01 7.261585186589538665e-01 7.647458056406649662e-01
7.000000000000000666e-02 1.000000000000000000e+00 2.000000000000000000e+00 5.000000000000000000e+00 1.000000000000000000e+01 2.000000000000000000e+01 4.000000000000000000e+01 1.000000000000000000e+00 2.000000000000000000e+00 5.000000000000000000e+00 1.000000000000000000e+01 2.000000000000000000e+01 4.000000000000000000e+01 1.000000000000000000e+00 3.851721493015907716e-01 3.726503611995645726e-01 4.976348098862576341e-01 6.308801713022593738e-01 7.259943205806455024e-01 7.647299988061652121e-01
7.200000000000000844e-02 1.000000000000000000e+00 2.000000000000000000e+00 5.000000000000000000e+00 1.000000000000000000e+01 2.000000000000000000e+01 4.000000000000000000e+01 1.000000000000000000e+00 2.000000000000000000e+00 5.000000000000000000e+00 1.000000000000000000e+01 2.000000000000000000e+01 4.000000000000000000e+01 1.000000000000000000e+00 3.843346782185106392e-01 3.715753831030722543e-01 4.960294205776213938e-01 6.301552343475069762e-01 7.258304294290072178e-01 7.647201376524410676e-01
7.400000000000001021e-02 1.000000000000000000e+00 2.000000000000000000e+00 5.000000000000000000e+00 1.000000000000000000e+01 2.000000000000000000e+01 4.000000000000000000e+01 1.000000000000000000e+00 2.000000000000000000e+00 5.000000000000000000e+00 1.000000000000000000e+01 2.000000000000000000e+01 4.000000000000000000e+01 1.000000000000000000e+00 3.838183869355771272e-01 3.707882435207937588e-01 4.947034924000712763e-01 6.300431338502470169e-01 7.256982242220874069e-01 7.647117905235490953e-01
7.599999999999998423e-02 1.000000000000000000e+00 2.000000000000000000e+00 5.000000000000000000e+00 1.000000000000000000e+01 2.000000000000000000e+01 4.000000000000000000e+01 1.000000000000000000e+00 2.000000000000000000e+00 5.000000000000000000e+00 1.000000000000000000e+01 2.000000000000000000e+01 4.000000000000000000e+01 1.000000000000000000e+00 3.833962360384104429e-01 3.699553363872288281e-01 4.929609428922120951e-01 6.294307530030899267e-01 7.256114099009834950e-01 7.646995415199567825e-01
7.799999999999998601e-02 1.000000000000000000e+00 2.000000000000000000e+00 5.000000000000000000e+00 1.000000000000000000e+01 2.000000000000000000e+01 4.000000000000000000e+01 1.000000000000000000e+00 2.000000000000000000e+00 5.000000000000000000e+00 1.000000000000000000e+01 2.000000000000000000e+01 4.000000000000000000e+01 1.000000000000000000e+00 3.831600849113123153e-01 3.691419069014245657e-01 4.913276002793568464e-01 6.287986260067386368e-01 7.254943135879093896e-01 7.646912830583457721e-01
7.999999999999998779e-02 1.000000000000000000e+00 2.000000000000000000e+00 5.000000000000000000e+00 1.000000000000000000e+01 2.000000000000000000e+01 4.000000000000000000e+01 1.000000000000000000e+00 2.000000000000000000e+00 5.000000000000000000e+00 1.000000000000000000e+01 2.000000000000000000e+01 4.000000000000000000e+01 1.000000000000000000e+00 3.826222176075133596e-01 3.683353001690250483e-01 4.873798592112845718e-01 6.280515527780485829e-01 7.257286594036519434e-01 7.647924594569098788e-01
8.199999999999998956e-02 1.000000000000000000e+00 2.000000000000000000e+00 5.000000000000000000e+00 1.000000000000000000e+01 2.000000000000000000e+01 4.000000000000000000e+01 1.000000000000000000e+00 2.000000000000000000e+00 5.000000000000000000e+00 1.000000000000000000e+01 2.000000000000000000e+01 4.000000000000000000e+01 1.000000000000000000e+00 3.825782853700661623e-01 3.676084232057293955e-01 4.856350039616851855e-01 6.274028797643897981e-01 7.256467592916480136e-01 7.647828638748469521e-01
8.399999999999999134e-02 1.000000000000000000e+00 2.000000000000000000e+00 5.000000000000000000e+00 1.000000000000000000e+01 2.000000000000000000e+01 4.000000000000000000e+01 1.000000000000000000e+00 2.000000000000000000e+00 5.000000000000000000e+00 1.000000000000000000e+01 2.000000000000000000e+01 4.000000000000000000e+01 1.000000000000000000e+00 3.830949292462969558e-01 3.672443927469949965e-01 4.839180729293580119e-01 6.267422870720894545e-01 7.255817373439367168e-01 7.647748294213659870e-01
8.599999999999999312e-02 1.000000000000000000e+00 2.000000000000000000e+00 5.000000000000000000e+00 1.000000000000000000e+01 2.000000000000000000e+01 4.000000000000000000e+01 1.000000000000000000e+00 2.000000000000000000e+00 5.000000000000000000e+00 1.000000000000000000e+01 2.000000000000000000e+01 4.000000000000000000e+01 1.000000000000000000e+00 3.835685717410609041e-01 3.668459741658350315e-01 4.826899838096553319e-01 6.257753439603944701e-01 7.250091532303559738e-01 7.647941860930376201e-01
8.799999999999999489e-02 1.000000000000000000e+00 2.000000000000000000e+00 5.000000000000000000e+00 1.000000000000000000e+01 2.000000000000000000e+01 4.000000000000000000e+01 1.000000000000000000e+00 2.000000000000000000e+00 5.000000000000000000e+00 1.000000000000000000e+01 2.000000000000000000e+01 4.000000000000000000e+01 1.000000000000000000e+00 3.842823046278827648e-01 3.655357528917222432e-01 4.810658788516660733e-01 6.251063335278151945e-01 7.249472402736523158e-01 7.647893428346403955e-01
8.999999999999999667e-02 1.000000000000000000e+00 2.000000000000000000e+00 5.000000000000000000e+00 1.000000000000000000e+01 2.000000000000000000e+01 4.000000000000000000e+01 1.000000000000000000e+00 2.000000000000000000e+00 5.000000000000000000e+00 1.000000000000000000e+01 2.000000000000000000e+01 4.000000000000000000e+01 1.000000000000000000e+00 3.847063356713798510e-01 3.651712128716488870e-01 4.795250672393631119e-01 6.244603476741562575e-01 7.248513713159878691e-01 7.647833333508352593e-01
9.199999999999999845e-02 1.000000000000000000e+00 2.000000000000000000e+00 5.000000000000000000e+00 1.000000000000000000e+01 2.000000000000000000e+01 4.000000000000000000e+01 1.000000000000000000e+00 2.000000000000000000e+00 5.000000000000000000e+00 1.000000000000000000e+01 2.000000000000000000e+01 4.000000000000000000e+01 1.000000000000000000e+00 3.851449857623407413e-01 3.647968498460638087e-01 4.779702877322979382e-01 6.238404614872686826e-01 7.245434580156375759e-01 7.647639237833268044e-01
9.400000000000000022e-02 1.000000000000000000e+00 2.000000000000000000e+00 5.000000000000000000e+00 1.000000000000000000e+01 2.000000000000000000e+01 4.000000000000000000e+01 1.000000000000000000e+00 2.000000000000000000e+00 5.000000000000000000e+00 1.000000000000000000e+01 2.000000000000000000e+01 4.000000000000000000e+01 1.000000000000000000e+00 3.862908878227019893e-01 3.653717529149910770e-01 4.772671151126420264e-01 6.233682709465919736e-01 7.244598391115023572e-01 7.647612884302501524e-01
9.600000000000000200e-02 1.000000000000000000e+00 2.000000000000000000e+00 5.000000000000000000e+00 1.000000000000000000e+01 2.000000000000000000e+01 4.000000000000000000e+01 1.000000000000000000e+00 2.000000000000000000e+00 5.000000000000000000e+00 1.000000000000000000e+01 2.000000000000000000e+01 4.000000000000000000e+01 1.000000000000000000e+00 3.867652476519374272e-01 3.649855064314437292e-01 4.756942028882836793e-01 6.227100156231083483e-01 7.244083279995243707e-01 7.647603158182190164e-01
9.800000000000000377e-02 1.000000000000000000e+00 2.000000000000000000e+00 5.000000000000000000e+00 1.000000000000000000e+01 2.000000000000000000e+01 4.000000000000000000e+01 1.000000000000000000e+00 2.000000000000000000e+00 5.000000000000000000e+00 1.000000000000000000e+01 2.000000000000000000e+01 4.000000000000000000e+01 1.000000000000000000e+00 3.871804208371156797e-01 3.646938280996543380e-01 4.742335521653119890e-01 6.220949307515335480e-01 7.243450113410413449e-01 7.647609665916436095e-01
1.000000000000000056e-01 1.000000000000000000e+00 2.000000000000000000e+00 5.000000000000000000e+00 1.000000000000000000e+01 2.000000000000000000e+01 4.000000000000000000e+01 1.000000000000000000e+00 2.000000000000000000e+00 5.000000000000000000e+00 1.000000000000000000e+01 2.000000000000000000e+01 4.000000000000000000e+01 1.000000000000000000e+00 3.866935903410447239e-01 3.634766004607635215e-01 4.734290596638878745e-01 6.212487167307567670e-01 7.246237569373914500e-01 7.646967094071629445e-01
