-1.000000000000000056e-01 1.000000000000000000e+00 5.000000000000000000e+00 1.000000000000000000e+01 2.000000000000000000e+01 4.000000000000000000e+01 8.000000000000000000e+01 1.000000000000000000e+00 5.000000000000000000e+00 1.000000000000000000e+01 2.000000000000000000e+01 4.000000000000000000e+01 8.000000000000000000e+01 1.000000000000000000e+00 4.899256801440903808e-01 4.719692226414356484e-01 5.531362261013167414e-01 6.986788804094150596e-01 7.880899967565699882e-01 8.209437680873383769e-01
-9.800000000000000377e-02 1.000000000000000000e+00 5.000000000000000000e+00 1.000000000000000000e+01 2.000000000000000000e+01 4.000000000000000000e+01 8.000000000000000000e+01 1.000000000000000000e+00 5.000000000000000000e+00 1.000000000000000000e+01 2.000000000000000000e+01 4.000000000000000000e+01 8.000000000000000000e+01 1.000000000000000000e+00 4.899354223417510812e-01 4.721410964905999874e-01 5.542055362048159406e-01 6.981990548537092556e-01 7.880071035881086594e-01 8.211422935756065300e-01
-9.600000000000000200e-02 1.000000000000000000e+00 5.000000000000000000e+00 1.000000000000000000e+01 2.000000000000000000e+01 4.000000000000000000e+01 8.000000000000000000e+01 1.000000000000000000e+00 5.000000000000000000e+00 1.000000000000000000e+01 2.000000000000000000e+01 4.000000000000000000e+01 8.000000000000000000e+01 1.000000000000000000e+00 4.894955712062786790e-01 4.725402587291555045e-01 5.545029741789713196e-01 6.982323051527435931e-01 7.880904513241161480e-01 8.214770735061198703e-01
-9.400000000000000022e-02 1.000000000000000000e+00 5.000000000000000000e+00 1.000000000000000000e+01 2.000000000000000000e+01 4.000000000000000000e+01 8.000000000000000000e+01 1.000000000000000000e+00 5.000000000000000000e+00 1.000000000000000000e+01 2.000000000000000000e+01 4.000000000000000000e+01 8.000000000000000000e+01 1.000000000000000000e+00 4.896914988856796991e-01 4.727174679628166065e-01 5.582666113614657144e-01 7.010291976161101557e-01 7.881925104312854646e-01 8.217424075982709963e-01
-9.199999999999999845e-02 1.000000000000000000e+00 5.000000000000000000e+00 1.000000000000000000e+01 2.000000000000000000e+01 4.000000000000000000e+01 8.000000000000000000e+01 1.000000000000000000e+00 5.000000000000000000e+00 1.000000000000000000e+01 2.000000000000000000e+01 4.000000000000000000e+01 8.000000000000000000e+01 1.000000000000000000e+00 4.898312682253884720e-01 4.723639509317749674e-01 5.573071992950560105e-01 7.000132278776872718e-01 7.884300378340365345e-01 8.221078500759059215e-01
-9.000000000000001055e-02 1.000000000000000000e+00 5.000000000000000000e+00 1.000000000000000000e+01 2.000000000000000000e+01 4.000000000000000000e+01 8.000000000000000000e+01 1.000000000000000000e+00 5.000000000000000000e+00 1.000000000000000000e+01 2.000000000000000000e+01 4.000000000000000000e+01 8.000000000000000000e+01 1.000000000000000000e+00 4.898318175084263038e-01 4.726436539633579459e-01 5.584461742076812785e-01 7.006901380056791417e-01 7.888434813085598574e-01 8.223303406492952217e-01
-8.800000000000000877e-02 1.000000000000000000e+00 5.000000000000000000e+00 1.000000000000000000e+01 2.000000000000000000e+01 4.000000000000000000e+01 8.000000000000000000e+01 1.000000000000000000e+00 5.000000000000000000e+00 1.000000000000000000e+01 2.000000000000000000e+01 4.000000000000000000e+01 8.000000000000000000e+01 1.000000000000000000e+00 4.897863559073798445e-01 4.737016737216057649e-01 5.589435994485913994e-01 7.009043966303257767e-01 7.889857349177088475e-01 8.225399349558495388e-01
-8.600000000000000699e-02 1.000000000000000000e+00 5.000000000000000000e+00 1.000000000000000000e+01 2.000000000000000000e+01 4.000000000000000000e+01 8.000000000000000000e+01 1.000000000000000000e+00 5.000000000000000000e+00 1.000000000000000000e+01 2.000000000000000000e+01 4.000000000000000000e+01 8.000000000000000000e+01 1.000000000000000000e+00 4.898149743900389042e-01 4.731282469755068165e-01 5.570033206111211221e-01 7.010987551280698504e-01 7.891607667133468951e-01 8.228578854771917417e-01
-8.400000000000000522e-02 1.000000000000000000e+00 5.000000000000000000e+00 1.000000000000000000e+01 2.000000000000000000e+01 4.000000000000000000e+01 8.000000000000000000e+01 1.000000000000000000e+00 5.000000000000000000e+00 1.000000000000000000e+01 2.000000000000000000e+01 4.000000000000000000e+01 8.000000000000000000e+01 1.000000000000000000e+00 4.897224477145708521e-01 4.731039894000347301e-01 5.608385564537377022e-01 7.004933162193797136e-01 7.891267111516121480e-01 8.232040897172165916e-01
-8.200000000000000344e-02 1.000000000000000000e+00 5.000000000000000000e+00 1.000000000000000000e+01 2.000000000000000000e+01 4.000000000000000000e+01 8.000000000000000000e+01 1.000000000000000000e+00 5.000000000000000000e+00 1.000000000000000000e+01 2.000000000000000000e+01 4.000000000000000000e+01 8.000000000000000000e+01 1.000000000000000000e+00 4.897095406762034253e-01 4.733328417675711219e-01 5.615484275281508175e-01 7.022051770583459529e-01 7.897882490872544237e-01 8.236747638897083945e-01
-8.000000000000000167e-02 1.000000000000000000e+00 5.000000000000000000e+00 1.000000000000000000e+01 2.000000000000000000e+01 4.000000000000000000e+01 8.000000000000000000e+01 1.000000000000000000e+00 5.000000000000000000e+00 1.000000000000000000e+01 2.000000000000000000e+01 4.000000000000000000e+01 8.000000000000000000e+01 1.000000000000000000e+00 4.896970284919944238e-01 4.734467876493423932e-01 5.620676751477251543e-01 7.023940045391232623e-01 7.895360023611269762e-01 8.239189828159603213e-01
-7.800000000000001377e-02 1.000000000000000000e+00 5.000000000000000000e+00 1.000000000000000000e+01 2.000000000000000000e+01 4.000000000000000000e+01 8.000000000000000000e+01 1.000000000000000000e+00 5.000000000000000000e+00 1.000000000000000000e+01 2.000000000000000000e+01 4.000000000000000000e+01 8.000000000000000000e+01 1.000000000000000000e+00 4.900165115271774008e-01 4.748900075943689458e-01 5.605903864213487298e-01 7.022439910726204770e-01 7.897027922795807342e-01 8.242948701600644190e-01
-7.600000000000001199e-02 1.000000000000000000e+00 5.000000000000000000e+00 1.000000000000000000e+01 2.000000000000000000e+01 4.000000000000000000e+01 8.000000000000000000e+01 1.000000000000000000e+00 5.000000000000000000e+00 1.000000000000000000e+01 2.000000000000000000e+01 4.000000000000000000e+01 8.000000000000000000e+01 1.000000000000000000e+00 4.901138913125348551e-01 4.728863032621334894e-01 5.625399574892196997e-01 7.031602553279950873e-01 7.904237311581018277e-01 8.246782757292421273e-01
-7.400000000000001021e-02 1.000000000000000000e+00 5.000000000000000000e+00 1.000000000000000000e+01 2.000000000000000000e+01 4.000000000000000000e+01 8.000000000000000000e+01 1.000000000000000000e+00 5.000000000000000000e+00 1.000000000000000000e+01 2.000000000000000000e+01 4.000000000000000000e+01 8.000000000000000000e+01 1.000000000000000000e+00 4.901221451884272273e-01 4.730824902497204332e-01 5.624703623136909636e-01 7.036459087613703423e-01 7.901060398485636460e-01 8.250320069496364095e-01
-7.200000000000000844e-02 1.000000000000000000e+00 5.000000000000000000e+00 1.000000000000000000e+01 2.000000000000000000e+01 4.000000000000000000e+01 8.000000000000000000e+01 1.000000000000000000e+00 5.000000000000000000e+00 1.000000000000000000e+01 2.000000000000000000e+01 4.000000000000000000e+01 8.000000000000000000e+01 1.000000000000000000e+00 4.897167827032377074e-01 4.742364058924589121e-01 5.630099639363611574e-01 7.040182018240925821e-01 7.902717067033713239e-01 8.255520137925873581e-01
-7.000000000000000666e-02 1.000000000000000000e+00 5.000000000000000000e+00 1.000000000000000000e+01 2.000000000000000000e+01 4.000000000000000000e+01 8.000000000000000000e+01 1.000000000000000000e+00 5.000000000000000000e+00 1.000000000000000000e+01 2.000000000000000000e+01 4.000000000000000000e+01 8.000000000000000000e+01 1.000000000000000000e+00 4.896720577071242975e-01 4.758057325585949848e-01 5.605560537535968502e-01 7.033608957900991943e-01 7.904630735213765691e-01 8.259351976899304004e-01
-6.800000000000000488e-02 1.000000000000000000e+00 5.000000000000000000e+00 1.000000000000000000e+01 2.000000000000000000e+01 4.000000000000000000e+01 8.000000000000000000e+01 1.000000000000000000e+00 5.000000000000000000e+00 1.000000000000000000e+01 2.000000000000000000e+01 4.000000000000000000e+01 8.000000000000000000e+01 1.000000000000000000e+00 4.897373350279741744e-01 4.748735653037404747e-01 5.630354332446675381e-01 7.049373238069376324e-01 7.902931790634027953e-01 8.261792020785597712e-01
-6.600000000000000311e-02 1.000000000000000000e+00 5.000000000000000000e+00 1.000000000000000000e+01 2.000000000000000000e+01 4.000000000000000000e+01 8.000000000000000000e+01 1.000000000000000000e+00 5.000000000000000000e+00 1.000000000000000000e+01 2.000000000000000000e+01 4.000000000000000000e+01 8.000000000000000000e+01 1.000000000000000000e+00 4.897408875957193208e-01 4.752083963423037738e-01 5.640269201857260883e-01 7.048567175501565529e-01 7.911648047104820058e-01 8.265043894737116315e-01
-6.400000000000000133e-02 1.000000000000000000e+00 5.000000000000000000e+00 1.000000000000000000e+01 2.000000000000000000e+01 4.000000000000000000e+01 8.000000000000000000e+01 1.000000000000000000e+00 5.000000000000000000e+00 1.000000000000000000e+01 2.000000000000000000e+01 4.000000000000000000e+01 8.000000000000000000e+01 1.000000000000000000e+00 4.897027642661180846e-01 4.761284523076370623e-01 5.647650592615175436e-01 7.052993948530130730e-01 7.914687405318310276e-01 8.268642745529093396e-01
-6.200000000000000649e-02 1.000000000000000000e+00 5.000000000000000000e+00 1.000000000000000000e+01 2.000000000000000000e+01 4.000000000000000000e+01 8.000000000000000000e+01 1.000000000000000000e+00 5.000000000000000000e+00 1.000000000000000000e+01 2.000000000000000000e+01 4.000000000000000000e+01 8.000000000000000000e+01 1.000000000000000000e+00 4.896106457677422141e-01 4.777572599322496560e-01 5.639070043075803396e-01 7.047626683247817381e-01 7.917137441767941874e-01 8.272196039264767542e-01
-6.000000000000000472e-02 1.000000000000000000e+00 5.000000000000000000e+00 1.000000000000000000e+01 2.000000000000000000e+01 4.000000000000000000e+01 8.000000000000000000e+01 1.000000000000000000e+00 5.000000000000000000e+00 1.000000000000000000e+01 2.000000000000000000e+01 4.000000000000000000e+01 8.000000000000000000e+01 1.000000000000000000e+00 4.896613820281258134e-01 4.771476111015010568e-01 5.646942436281858768e-01 7.048901200649071441e-01 7.920421541551079248e-01 8.277839112799411092e-01
-5.800000000000000294e-02 1.000000000000000000e+00 5.000000000000000000e+00 1.000000000000000000e+01 2.000000000000000000e+01 4.000000000000000000e+01 8.000000000000000000e+01 1.000000000000000000e+00 5.000000000000000000e+00 1.000000000000000000e+01 2.000000000000000000e+01 4.000000000000000000e+01 8.000000000000000000e+01 1.000000000000000000e+00 4.897128457639719490e-01 4.778107013067959818e-01 5.665356279086540825e-01 7.051980152522702161e-01 7.917142470204566740e-01 8.283644454816840863e-01
-5.600000000000000810e-02 1.000000000000000000e+00 5.000000000000000000e+00 1.000000000000000000e+01 2.000000000000000000e+01 4.000000000000000000e+01 8.000000000000000000e+01 1.000000000000000000e+00 5.000000000000000000e+00 1.000000000000000000e+01 2.000000000000000000e+01 4.000000000000000000e+01 8.000000000000000000e+01 1.000000000000000000e+00 4.897669350246935394e-01 4.767393314906268054e-01 5.675982908661164617e-01 7.058232162374115104e-01 7.921617666968374660e-01 8.285766016938184153e-01
-5.400000000000000633e-02 1.000000000000000000e+00 5.000000000000000000e+00 1.000000000000000000e+01 2.000000000000000000e+01 4.000000000000000000e+01 8.000000000000000000e+01 1.000000000000000000e+00 5.000000000000000000e+00 1.000000000000000000e+01 2.000000000000000000e+01 4.000000000000000000e+01 8.000000000000000000e+01 1.000000000000000000e+00 4.899605953835542982e-01 4.796823574337036877e-01 5.695967983761636155e-01 7.065373659083744595e-01 7.924361305971412417e-01 8.288962925317601149e-01
-5.200000000000000455e-02 1.000000000000000000e+00 5.000000000000000000e+00 1.000000000000000000e+01 2.000000000000000000e+01 4.000000000000000000e+01 8.000000000000000000e+01 1.000000000000000000e+00 5.000000000000000000e+00 1.000000000000000000e+01 2.000000000000000000e+01 4.000000000000000000e+01 8.000000000000000000e+01 1.000000000000000000e+00 4.901206712331636628e-01 4.800620117236805706e-01 5.713372014965913959e-01 7.070935430181971570e-01 7.931057508088126262e-01 8.290143670802815334e-01
-5.000000000000000278e-02 1.000000000000000000e+00 5.000000000000000000e+00 1.000000000000000000e+01 2.000000000000000000e+01 4.000000000000000000e+01 8.000000000000000000e+01 1.000000000000000000e+00 5.000000000000000000e+00 1.000000000000000000e+01 2.000000000000000000e+01 4.000000000000000000e+01 8.000000000000000000e+01 1.000000000000000000e+00 4.901078417777298135e-01 4.810337554248365621e-01 5.723308111365916773e-01 7.072435994098064116e-01 7.932056133404440379e-01 8.294128214660586584e-01
-4.800000000000000100e-02 1.000000000000000000e+00 5.000000000000000000e+00 1.000000000000000000e+01 2.000000000000000000e+01 4.000000000000000000e+01 8.000000000000000000e+01 1.000000000000000000e+00 5.000000000000000000e+00 1.000000000000000000e+01 2.000000000000000000e+01 4.000000000000000000e+01 8.000000000000000000e+01 1.000000000000000000e+00 4.898785420575901828e-01 4.832578487978161919e-01 5.736248082413084592e-01 7.078270791287288866e-01 7.936591052374245558e-01 8.294689786194869852e-01
-4.600000000000000616e-02 1.000000000000000000e+00 5.000000000000000000e+00 1.000000000000000000e+01 2.000000000000000000e+01 4.000000000000000000e+01 8.000000000000000000e+01 1.000000000000000000e+00 5.000000000000000000e+00 1.000000000000000000e+01 2.000000000000000000e+01 4.000000000000000000e+01 8.000000000000000000e+01 1.000000000000000000e+00 4.891964151709379260e-01 4.811846976358967187e-01 5.753374933676618230e-01 7.092921828859748423e-01 7.939848092498545951e-01 8.297304577463692210e-01
-4.400000000000000439e-02 1.000000000000000000e+00 5.000000000000000000e+00 1.000000000000000000e+01 2.000000000000000000e+01 4.000000000000000000e+01 8.000000000000000000e+01 1.000000000000000000e+00 5.000000000000000000e+00 1.000000000000000000e+01 2.000000000000000000e+01 4.000000000000000000e+01 8.000000000000000000e+01 1.000000000000000000e+00 4.887737686172610729e-01 4.820382409335308149e-01 5.775690081237950801e-01 7.098542993085936725e-01 7.944308481949281520e-01 8.300118468265812455e-01
-4.200000000000000261e-02 1.000000000000000000e+00 5.000000000000000000e+00 1.000000000000000000e+01 2.000000000000000000e+01 4.000000000000000000e+01 8.000000000000000000e+01 1.000000000000000000e+00 5.000000000000000000e+00 1.000000000000000000e+01 2.000000000000000000e+01 4.000000000000000000e+01 8.000000000000000000e+01 1.000000000000000000e+00 4.882068981754851822e-01 4.829031104713682465e-01 5.786502726269261432e-01 7.104756720335524411e-01 7.955135172215470618e-01 8.303172742319807620e-01
-4.000000000000000777e-02 1.000000000000000000e+00 5.000000000000000000e+00 1.000000000000000000e+01 2.000000000000000000e+01 4.000000000000000000e+01 8.000000000000000000e+01 1.000000000000000000e+00 5.000000000000000000e+00 1.000000000000000000e+01 2.000000000000000000e+01 4.000000000000000000e+01 8.000000000000000000e+01 1.000000000000000000e+00 4.874763315337938274e-01 4.861317665475707872e-01 5.799737090290243424e-01 7.112218097818528983e-01 7.955405138688325106e-01 8.305029141148853045e-01
-3.800000000000000600e-02 1.000000000000000000e+00 5.000000000000000000e+00 1.000000000000000000e+01 2.000000000000000000e+01 4.000000000000000000e+01 8.000000000000000000e+01 1.000000000000000000e+00 5.000000000000000000e+00 1.000000000000000000e+01 2.000000000000000000e+01 4.000000000000000000e+01 8.000000000000000000e+01 1.000000000000000000e+00 4.869513416814676421e-01 4.875986065129373492e-01 5.800926224106026652e-01 7.139649968164359928e-01 7.958871674559488962e-01 8.306779187881256910e-01
-3.600000000000000422e-02 1.000000000000000000e+00 5.000000000000000000e+00 1.000000000000000000e+01 2.000000000000000000e+01 4.000000000000000000e+01 8.000000000000000000e+01 1.000000000000000000e+00 5.000000000000000000e+00 1.000000000000000000e+01 2.000000000000000000e+01 4.000000000000000000e+01 8.000000000000000000e+01 1.000000000000000000e+00 4.861868062161553428e-01 4.876485262412160182e-01 5.843690177802016716e-01 7.135671856600324103e-01 7.960005963800478312e-01 8.307756680657191195e-01
-3.400000000000000244e-02 1.000000000000000000e+00 5.000000000000000000e+00 1.000000000000000000e+01 2.000000000000000000e+01 4.000000000000000000e+01 8.000000000000000000e+01 1.000000000000000000e+00 5.000000000000000000e+00 1.000000000000000000e+01 2.000000000000000000e+01 4.000000000000000000e+01 8.000000000000000000e+01 1.000000000000000000e+00 4.853827001287705500e-01 4.880509858050973149e-01 5.866985843956210589e-01 7.143648541411516950e-01 7.966585923847971928e-01 8.308607666585405838e-01
-3.200000000000000067e-02 1.000000000000000000e+00 5.000000000000000000e+00 1.000000000000000000e+01 2.000000000000000000e+01 4.000000000000000000e+01 8.000000000000000000e+01 1.000000000000000000e+00 5.000000000000000000e+00 1.000000000000000000e+01 2.000000000000000000e+01 4.000000000000000000e+01 8.000000000000000000e+01 1.000000000000000000e+00 4.842248688332351780e-01 4.872640617257404938e-01 5.883019640489806079e-01 7.154655550420843113e-01 7.966728802359405170e-01 8.311098762118815930e-01
-2.999999999999999889e-02 1.000000000000000000e+00 5.000000000000000000e+00 1.000000000000000000e+01 2.000000000000000000e+01 4.000000000000000000e+01 8.000000000000000000e+01 1.000000000000000000e+00 5.000000000000000000e+00 1.000000000000000000e+01 2.000000000000000000e+01 4.000000000000000000e+01 8.000000000000000000e+01 1.000000000000000000e+00 4.836437096242541256e-01 4.875511537728056122e-01 5.873534393249174590e-01 7.152638153952525224e-01 7.969825093680655836e-01 8.312276446364766924e-01
-2.799999999999999711e-02 1.000000000000000000e+00 5.000000000000000000e+00 1.000000000000000000e+01 2.000000000000000000e+01 4.000000000000000000e+01 8.000000000000000000e+01 1.000000000000000000e+00 5.000000000000000000e+00 1.000000000000000000e+01 2.000000000000000000e+01 4.000000000000000000e+01 8.000000000000000000e+01 1.000000000000000000e+00 4.828000162629337844e-01 4.891803493008280990e-01 5.887493595902832944e-01 7.177447738438019753e-01 7.969460270023155379e-01 8.312664790853137031e-01
-2.600000000000000921e-02 1.000000000000000000e+00 5.000000000000000000e+00 1.000000000000000000e+01 2.000000000000000000e+01 4.000000000000000000e+01 8.000000000000000000e+01 1.000000000000000000e+00 5.000000000000000000e+00 1.000000000000000000e+01 2.000000000000000000e+01 4.000000000000000000e+01 8.000000000000000000e+01 1.000000000000000000e+00 4.820439435776311954e-01 4.897908963861895004e-01 5.916493767670859549e-01 7.183085657598820006e-01 7.961578154597561685e-01 8.313389727389844941e-01
-2.400000000000000744e-02 1.000000000000000000e+00 5.000000000000000000e+00 1.000000000000000000e+01 2.000000000000000000e+01 4.000000000000000000e+01 8.000000000000000000e+01 1.000000000000000000e+00 5.000000000000000000e+00 1.000000000000000000e+01 2.000000000000000000e+01 4.000000000000000000e+01 8.000000000000000000e+01 1.000000000000000000e+00 4.812880573129826312e-01 4.884241342730155089e-01 5.941024346867811445e-01 7.192685802229442649e-01 7.967359875326908147e-01 8.313379745790000497e-01
-2.200000000000000566e-02 1.000000000000000000e+00 5.000000000000000000e+00 1.000000000000000000e+01 2.000000000000000000e+01 4.000000000000000000e+01 8.000000000000000000e+01 1.000000000000000000e+00 5.000000000000000000e+00 1.000000000000000000e+01 2.000000000000000000e+01 4.000000000000000000e+01 8.000000000000000000e+01 1.000000000000000000e+00 4.799036032765660043e-01 4.913742068075048763e-01 5.976809013940929116e-01 7.201944628519751923e-01 7.970922401553054426e-01 8.316694648128002409e-01
-2.000000000000000389e-02 1.000000000000000000e+00 5.000000000000000000e+00 1.000000000000000000e+01 2.000000000000000000e+01 4.000000000000000000e+01 8.000000000000000000e+01 1.000000000000000000e+00 5.000000000000000000e+00 1.000000000000000000e+01 2.000000000000000000e+01 4.000000000000000000e+01 8.000000000000000000e+01 1.000000000000000000e+00 4.796739719329806695e-01 4.922812970602158389e-01 5.978177128200662382e-01 7.207474554722587134e-01 7.979712974911807866e-01 8.317296347033668047e-01
-1.800000000000000211e-02 1.000000000000000000e+00 5.000000000000000000e+00 1.000000000000000000e+01 2.000000000000000000e+01 4.000000000000000000e+01 8.000000000000000000e+01 1.000000000000000000e+00 5.000000000000000000e+00 1.000000000000000000e+01 2.000000000000000000e+01 4.000000000000000000e+01 8.000000000000000000e+01 1.000000000000000000e+00 4.783257466425123727e-01 4.915750274413359100e-01 5.986990198176072031e-01 7.212075453045289075e-01 7.980455676474621507e-01 8.315947017921736517e-01
-1.600000000000000033e-02 1.000000000000000000e+00 5.000000000000000000e+00 1.000000000000000000e+01 2.000000000000000000e+01 4.000000000000000000e+01 8.000000000000000000e+01 1.000000000000000000e+00 5.000000000000000000e+00 1.000000000000000000e+01 2.000000000000000000e+01 4.000000000000000000e+01 8.000000000000000000e+01 1.000000000000000000e+00 4.779892196262029436e-01 4.917299376005331846e-01 5.994739547239479327e-01 7.226286421289653816e-01 7.981112581831454333e-01 8.316239682549896317e-01
-1.399999999999999856e-02 1.000000000000000000e+00 5.000000000000000000e+00 1.000000000000000000e+01 2.000000000000000000e+01 4.000000000000000000e+01 8.000000000000000000e+01 1.000000000000000000e+00 5.000000000000000000e+00 1.000000000000000000e+01 2.000000000000000000e+01 4.000000000000000000e+01 8.000000000000000000e+01 1.000000000000000000e+00 4.763047610249704356e-01 4.915312501932670441e-01 6.019747549229590433e-01 7.240880118090846640e-01 7.984532818374427965e-01 8.315562124296600466e-01
-1.200000000000001066e-02 1.000000000000000000e+00 5.000000000000000000e+00 1.000000000000000000e+01 2.000000000000000000e+01 4.000000000000000000e+01 8.000000000000000000e+01 1.000000000000000000e+00 5.000000000000000000e+00 1.000000000000000000e+01 2.000000000000000000e+01 4.000000000000000000e+01 8.000000000000000000e+01 1.000000000000000000e+00 4.751699317280358437e-01 4.913090358240461697e-01 6.010123252058976462e-01 7.250533371758011159e-01 7.979803727482581710e-01 8.315817200885078364e-01
-1.000000000000000888e-02 1.000000000000000000e+00 5.000000000000000000e+00 1.000000000000000000e+01 2.000000000000000000e+01 4.000000000000000000e+01 8.000000000000000000e+01 1.000000000000000000e+00 5.000000000000000000e+00 1.000000000000000000e+01 2.000000000000000000e+01 4.000000000000000000e+01 8.000000000000000000e+01 1.000000000000000000e+00 4.740804897541654461e-01 4.878102984024441091e-01 6.020986500412756071e-01 7.243336858838933523e-01 7.985697679961324402e-01 8.314928723030592383e-01
-8.000000000000007105e-03 1.000000000000000000e+00 5.000000000000000000e+00 1.000000000000000000e+01 2.000000000000000000e+01 4.000000000000000000e+01 8.000000000000000000e+01 1.000000000000000000e+00 5.000000000000000000e+00 1.000000000000000000e+01 2.000000000000000000e+01 4.000000000000000000e+01 8.000000000000000000e+01 1.000000000000000000e+00 4.723057745740695257e-01 4.847469882658229090e-01 6.008910277651589027e-01 7.241439337124313536e-01 7.983536965410255037e-01 8.314397622992227843e-01
-6.000000000000005329e-03 1.000000000000000000e+00 5.000000000000000000e+00 1.000000000000000000e+01 2.000000000000000000e+01 4.000000000000000000e+01 8.000000000000000000e+01 1.000000000000000000e+00 5.000000000000000000e+00 1.000000000000000000e+01 2.000000000000000000e+01 4.000000000000000000e+01 8.000000000000000000e+01 1.000000000000000000e+00 4.709546134379863913e-01 4.840625585151329124e-01 6.024216436210992898e-01 7.273835570676037143e-01 7.991629679844375334e-01 8.315543347533166374e-01
-4.000000000000003553e-03 1.000000000000000000e+00 5.000000000000000000e+00 1.000000000000000000e+01 2.000000000000000000e+01 4.000000000000000000e+01 8.000000000000000000e+01 1.000000000000000000e+00 5.000000000000000000e+00 1.000000000000000000e+01 2.000000000000000000e+01 4.000000000000000000e+01 8.000000000000000000e+01 1.000000000000000000e+00 4.710180243844600545e-01 4.854113541684126898e-01 6.037811877408507666e-01 7.306260868803603481e-01 7.993954246635162075e-01 8.315264243075914941e-01
-2.000000000000001776e-03 1.000000000000000000e+00 5.000000000000000000e+00 1.000000000000000000e+01 2.000000000000000000e+01 4.000000000000000000e+01 8.000000000000000000e+01 1.000000000000000000e+00 5.000000000000000000e+00 1.000000000000000000e+01 2.000000000000000000e+01 4.000000000000000000e+01 8.000000000000000000e+01 1.000000000000000000e+00 4.689214427441025790e-01 4.820157819376583164e-01 6.085103223267338546e-01 7.327915109668227123e-01 8.000283602723348153e-01 8.314998405538265303e-01
0.000000000000000000e+00 1.000000000000000000e+00 5.000000000000000000e+00 1.000000000000000000e+01 2.000000000000000000e+01 4.000000000000000000e+01 8.000000000000000000e+01 1.000000000000000000e+00 5.000000000000000000e+00 1.000000000000000000e+01 2.000000000000000000e+01 4.000000000000000000e+01 8.000000000000000000e+01 1.000000000000000000e+00 4.691400044134754754e-01 4.838104411115708992e-01 6.199515290988999450e-01 7.372948831620967924e-01 8.001708923009827057e-01 8.314802359722590630e-01
2.000000000000001776e-03 1.000000000000000000e+00 5.000000000000000000e+00 1.000000000000000000e+01 2.000000000000000000e+01 4.000000000000000000e+01 8.000000000000000000e+01 1.000000000000000000e+00 5.000000000000000000e+00 1.000000000000000000e+01 2.000000000000000000e+01 4.000000000000000000e+01 8.000000000000000000e+01 1.000000000000000000e+00 4.727272666528682388e-01 4.924573257073783239e-01 6.346518930813940251e-01 7.411340652811417851e-01 8.007866862504724459e-01 8.313400921519426001e-01
4.000000000000003553e-03 1.000000000000000000e+00 5.000000000000000000e+00 1.000000000000000000e+01 2.000000000000000000e+01 4.000000000000000000e+01 8.000000000000000000e+01 1.000000000000000000e+00 5.000000000000000000e+00 1.000000000000000000e+01 2.000000000000000000e+01 4.000000000000000000e+01 8.000000000000000000e+01 1.000000000000000000e+00 4.819098154445556337e-01 5.153540339650989344e-01 6.518344399583185789e-01 7.455724956864133723e-01 8.012179908157769370e-01 8.310996267620416322e-01
5.999999999999991451e-03 1.000000000000000000e+00 5.000000000000000000e+00 1.000000000000000000e+01 2.000000000000000000e+01 4.000000000000000000e+01 8.000000000000000000e+01 1.000000000000000000e+00 5.000000000000000000e+00 1.000000000000000000e+01 2.000000000000000000e+01 4.000000000000000000e+01 8.000000000000000000e+01 1.000000000000000000e+00 4.928874299591384234e-01 5.539134386402111421e-01 6.718038871774983933e-01 7.492380478440749947e-01 8.016107992954940586e-01 8.310634952999000902e-01
7.999999999999993228e-03 1.000000000000000000e+00 5.000000000000000000e+00 1.000000000000000000e+01 2.000000000000000000e+01 4.000000000000000000e+01 8.000000000000000000e+01 1.000000000000000000e+00 5.000000000000000000e+00 1.000000000000000000e+01 2.000000000000000000e+01 4.000000000000000000e+01 8.000000000000000000e+01 1.000000000000000000e+00 5.046520797439029149e-01 5.881820506441809426e-01 6.875985394518597804e-01 7.530233569715328867e-01 8.016870431627938220e-01 8.311039295829190099e-01
9.999999999999995004e-03 1.000000000000000000e+00 5.000000000000000000e+00 1.000000000000000000e+01 2.000000000000000000e+01 4.000000000000000000e+01 8.000000000000000000e+01 1.000000000000000000e+00 5.000000000000000000e+00 1.000000000000000000e+01 2.000000000000000000e+01 4.000000000000000000e+01 8.000000000000000000e+01 1.000000000000000000e+00 5.097378050038079422e-01 6.003628502069726647e-01 6.947926013527977451e-01 7.544756787158073408e-01 8.011445494286382196e-01 8.310511047076327706e-01
1.199999999999999678e-02 1.000000000000000000e+00 5.000000000000000000e+00 1.000000000000000000e+01 2.000000000000000000e+01 4.000000000000000000e+01 8.000000000000000000e+01 1.000000000000000000e+00 5.000000000000000000e+00 1.000000000000000000e+01 2.000000000000000000e+01 4.000000000000000000e+01 8.000000000000000000e+01 1.000000000000000000e+00 5.040357991947449490e-01 5.849599971017894751e-01 6.850584203851119991e-01 7.499187513114224934e-01 8.003342620473160585e-01 8.313519356006966454e-01
1.399999999999999856e-02 1.000000000000000000e+00 5.000000000000000000e+00 1.000000000000000000e+01 2.000000000000000000e+01 4.000000000000000000e+01 8.000000000000000000e+01 1.000000000000000000e+00 5.000000000000000000e+00 1.000000000000000000e+01 2.000000000000000000e+01 4.000000000000000000e+01 8.000000000000000000e+01 1.000000000000000000e+00 4.988412249955138655e-01 5.690780444805277893e-01 6.756860442659744503e-01 7.473648771248631029e-01 8.009930527433550829e-01 8.316804270853089820e-01
1.600000000000000033e-02 1.000000000000000000e+00 5.000000000000000000e+00 1.000000000000000000e+01 2.000000000000000000e+01 4.000000000000000000e+01 8.000000000000000000e+01 1.000000000000000000e+00 5.000000000000000000e+00 1.000000000000000000e+01 2.000000000000000000e+01 4.000000000000000000e+01 8.000000000000000000e+01 1.000000000000000000e+00 4.934096277781535589e-01 5.516827253763234573e-01 6.674293209328293619e-01 7.438111076661141352e-01 8.006521661349703667e-01 8.318608941647698263e-01
1.800000000000000211e-02 1.000000000000000000e+00 5.000000000000000000e+00 1.000000000000000000e+01 2.000000000000000000e+01 4.000000000000000000e+01 8.000000000000000000e+01 1.000000000000000000e+00 5.000000000000000000e+00 1.000000000000000000e+01 2.000000000000000000e+01 4.000000000000000000e+01 8.000000000000000000e+01 1.000000000000000000e+00 4.878663273507711229e-01 5.367152760723818972e-01 6.571261648117975307e-01 7.426254185336581548e-01 7.999465141546252545e-01 8.320450718237700771e-01
1.999999999999999001e-02 1.000000000000000000e+00 5.000000000000000000e+00 1.000000000000000000e+01 2.000000000000000000e+01 4.000000000000000000e+01 8.000000000000000000e+01 1.000000000000000000e+00 5.000000000000000000e+00 1.000000000000000000e+01 2.000000000000000000e+01 4.000000000000000000e+01 8.000000000000000000e+01 1.000000000000000000e+00 4.833905719069190310e-01 5.195964212174591923e-01 6.455943399419564743e-01 7.387883400476471518e-01 8.001826625903316614e-01 8.321476009178243594e-01
2.199999999999999178e-02 1.000000000000000000e+00 5.000000000000000000e+00 1.000000000000000000e+01 2.000000000000000000e+01 4.000000000000000000e+01 8.000000000000000000e+01 1.000000000000000000e+00 5.000000000000000000e+00 1.000000000000000000e+01 2.000000000000000000e+01 4.000000000000000000e+01 8.000000000000000000e+01 1.000000000000000000e+00 4.784659405014948796e-01 5.048172574901454990e-01 6.361247432916304900e-01 7.354897191208897844e-01 7.992315140017623998e-01 8.320573597500053875e-01
2.399999999999999356e-02 1.000000000000000000e+00 5.000000000000000000e+00 1.000000000000000000e+01 2.000000000000000000e+01 4.000000000000000000e+01 8.000000000000000000e+01 1.000000000000000000e+00 5.000000000000000000e+00 1.000000000000000000e+01 2.000000000000000000e+01 4.000000000000000000e+01 8.000000000000000000e+01 1.000000000000000000e+00 4.751508930755927174e-01 4.974970890306454896e-01 6.249884304467856477e-01 7.329663056185040659e-01 8.000752054095352506e-01 8.324123791023082530e-01
2.599999999999999534e-02 1.000000000000000000e+00 5.000000000000000000e+00 1.000000000000000000e+01 2.000000000000000000e+01 4.000000000000000000e+01 8.000000000000000000e+01 1.000000000000000000e+00 5.000000000000000000e+00 1.000000000000000000e+01 2.000000000000000000e+01 4.000000000000000000e+01 8.000000000000000000e+01 1.000000000000000000e+00 4.738030361831665482e-01 4.919517210214295333e-01 6.186331433887324316e-01 7.298654499244084937e-01 7.995054191745010197e-01 8.328069494227533509e-01
2.799999999999999711e-02 1.000000000000000000e+00 5.000000000000000000e+00 1.000000000000000000e+01 2.000000000000000000e+01 4.000000000000000000e+01 8.000000000000000000e+01 1.000000000000000000e+00 5.000000000000000000e+00 1.000000000000000000e+01 2.000000000000000000e+01 4.000000000000000000e+01 8.000000000000000000e+01 1.000000000000000000e+00 4.748451213333653165e-01 4.917047833258667566e-01 6.111946204520104509e-01 7.277786930785608011e-01 7.991825133605017228e-01 8.328233267395227513e-01
2.999999999999999889e-02 1.000000000000000000e+00 5.000000000000000000e+00 1.000000000000000000e+01 2.000000000000000000e+01 4.000000000000000000e+01 8.000000000000000000e+01 1.000000000000000000e+00 5.000000000000000000e+00 1.000000000000000000e+01 2.000000000000000000e+01 4.000000000000000000e+01 8.000000000000000000e+01 1.000000000000000000e+00 4.751631814405154475e-01 4.885337361330339134e-01 6.046607555086559449e-01 7.220993191317156557e-01 7.978565127652637035e-01 8.329532168405745507e-01
3.200000000000000067e-02 1.000000000000000000e+00 5.000000000000000000e+00 1.000000000000000000e+01 2.000000000000000000e+01 4.000000000000000000e+01 8.000000000000000000e+01 1.000000000000000000e+00 5.000000000000000000e+00 1.000000000000000000e+01 2.000000000000000000e+01 4.000000000000000000e+01 8.000000000000000000e+01 1.000000000000000000e+00 4.761633885492834728e-01 4.850812006433408707e-01 6.006702212434344990e-01 7.200195195157632622e-01 7.986456573194514741e-01 8.328402492141582236e-01
3.400000000000000244e-02 1.000000000000000000e+00 5.000000000000000000e+00 1.000000000000000000e+01 2.000000000000000000e+01 4.000000000000000000e+01 8.000000000000000000e+01 1.000000000000000000e+00 5.000000000000000000e+00 1.000000000000000000e+01 2.000000000000000000e+01 4.000000000000000000e+01 8.000000000000000000e+01 1.000000000000000000e+00 4.765723893660164245e-01 4.844706367340894659e-01 5.943817656639716063e-01 7.192469280871608417e-01 7.981754928763316048e-01 8.326927084220243636e-01
3.600000000000000422e-02 1.000000000000000000e+00 5.000000000000000000e+00 1.000000000000000000e+01 2.000000000000000000e+01 4.000000000000000000e+01 8.000000000000000000e+01 1.000000000000000000e+00 5.000000000000000000e+00 1.000000000000000000e+01 2.000000000000000000e+01 4.000000000000000000e+01 8.000000000000000000e+01 1.000000000000000000e+00 4.770255767644832612e-01 4.840622941064803841e-01 5.917827772128800845e-01 7.149450401236984165e-01 7.970495730497203501e-01 8.331199789815701973e-01
3.800000000000000600e-02 1.000000000000000000e+00 5.000000000000000000e+00 1.000000000000000000e+01 2.000000000000000000e+01 4.000000000000000000e+01 8.000000000000000000e+01 1.000000000000000000e+00 5.000000000000000000e+00 1.000000000000000000e+01 2.000000000000000000e+01 4.000000000000000000e+01 8.000000000000000000e+01 1.000000000000000000e+00 4.777331831569796572e-01 4.816886404679849853e-01 5.874572885841190528e-01 7.155042911246264348e-01 7.966113128005907207e-01 8.331270518350981646e-01
4.000000000000000777e-02 1.000000000000000000e+00 5.000000000000000000e+00 1.000000000000000000e+01 2.000000000000000000e+01 4.000000000000000000e+01 8.000000000000000000e+01 1.000000000000000000e+00 5.000000000000000000e+00 1.000000000000000000e+01 2.000000000000000000e+01 4.000000000000000000e+01 8.000000000000000000e+01 1.000000000000000000e+00 4.781580383952711011e-01 4.774389899292047490e-01 5.854966983311853390e-01 7.114097571783410956e-01 7.971199204643945047e-01 8.332251010739314401e-01
4.200000000000000955e-02 1.000000000000000000e+00 5.000000000000000000e+00 1.000000000000000000e+01 2.000000000000000000e+01 4.000000000000000000e+01 8.000000000000000000e+01 1.000000000000000000e+00 5.000000000000000000e+00 1.000000000000000000e+01 2.000000000000000000e+01 4.000000000000000000e+01 8.000000000000000000e+01 1.000000000000000000e+00 4.788382316996643295e-01 4.781184633736025869e-01 5.806188404834277117e-01 7.110931037643984931e-01 7.972417804350812043e-01 8.331068521354842993e-01
4.400000000000001132e-02 1.000000000000000000e+00 5.000000000000000000e+00 1.000000000000000000e+01 2.000000000000000000e+01 4.000000000000000000e+01 8.000000000000000000e+01 1.000000000000000000e+00 5.000000000000000000e+00 1.000000000000000000e+01 2.000000000000000000e+01 4.000000000000000000e+01 8.000000000000000000e+01 1.000000000000000000e+00 4.791112360926344516e-01 4.757955165949053766e-01 5.761340139910360314e-01 7.094074020396338165e-01 7.969099798776442256e-01 8.333476537777594340e-01
4.599999999999998535e-02 1.000000000000000000e+00 5.000000000000000000e+00 1.000000000000000000e+01 2.000000000000000000e+01 4.000000000000000000e+01 8.000000000000000000e+01 1.000000000000000000e+00 5.000000000000000000e+00 1.000000000000000000e+01 2.000000000000000000e+01 4.000000000000000000e+01 8.000000000000000000e+01 1.000000000000000000e+00 4.788401108349955027e-01 4.757417671128151837e-01 5.758750596761957885e-01 7.072075219909027544e-01 7.966707752207627946e-01 8.334002792854361408e-01
4.799999999999998712e-02 1.000000000000000000e+00 5.000000000000000000e+00 1.000000000000000000e+01 2.000000000000000000e+01 4.000000000000000000e+01 8.000000000000000000e+01 1.000000000000000000e+00 5.000000000000000000e+00 1.000000000000000000e+01 2.000000000000000000e+01 4.000000000000000000e+01 8.000000000000000000e+01 1.000000000000000000e+00 4.795074818390258065e-01 4.720658118660139846e-01 5.719807998051817943e-01 7.061797758152084104e-01 7.963078321934180526e-01 8.334147179339104206e-01
4.999999999999998890e-02 1.000000000000000000e+00 5.000000000000000000e+00 1.000000000000000000e+01 2.000000000000000000e+01 4.000000000000000000e+01 8.000000000000000000e+01 1.000000000000000000e+00 5.000000000000000000e+00 1.000000000000000000e+01 2.000000000000000000e+01 4.000000000000000000e+01 8.000000000000000000e+01 1.000000000000000000e+00 4.796394368906337635e-01 4.713804668069958570e-01 5.704266934250142862e-01 7.029798002201818052e-01 7.963966286252240900e-01 8.335143773216483476e-01
5.199999999999999067e-02 1.000000000000000000e+00 5.000000000000000000e+00 1.000000000000000000e+01 2.000000000000000000e+01 4.000000000000000000e+01 8.000000000000000000e+01 1.000000000000000000e+00 5.000000000000000000e+00 1.000000000000000000e+01 2.000000000000000000e+01 4.000000000000000000e+01 8.000000000000000000e+01 1.000000000000000000e+00 4.805859003228524773e-01 4.697623116447735558e-01 5.657179383286625729e-01 7.012523305130673457e-01 7.962532982140055893e-01 8.331978771206183243e-01
5.399999999999999245e-02 1.000000000000000000e+00 5.000000000000000000e+00 1.000000000000000000e+01 2.000000000000000000e+01 4.000000000000000000e+01 8.000000000000000000e+01 1.000000000000000000e+00 5.000000000000000000e+00 1.000000000000000000e+01 2.000000000000000000e+01 4.000000000000000000e+01 8.000000000000000000e+01 1.000000000000000000e+00 4.801479002901017923e-01 4.684919293712563326e-01 5.632861673525674240e-01 7.000707224880602375e-01 7.943229584589616143e-01 8.334090467606074526e-01
5.599999999999999423e-02 1.000000000000000000e+00 5.000000000000000000e+00 1.000000000000000000e+01 2.000000000000000000e+01 4.000000000000000000e+01 8.000000000000000000e+01 1.000000000000000000e+00 5.000000000000000000e+00 1.000000000000000000e+01 2.000000000000000000e+01 4.000000000000000000e+01 8.000000000000000000e+01 1.000000000000000000e+00 4.808198525689466596e-01 4.677603160525268255e-01 5.602829781641732732e-01 6.995488650413257403e-01 7.956179503686849896e-01 8.332071131642826423e-01
5.799999999999999600e-02 1.000000000000000000e+00 5.000000000000000000e+00 1.000000000000000000e+01 2.000000000000000000e+01 4.000000000000000000e+01 8.000000000000000000e+01 1.000000000000000000e+00 5.000000000000000000e+00 1.000000000000000000e+01 2.000000000000000000e+01 4.000000000000000000e+01 8.000000000000000000e+01 1.000000000000000000e+00 4.816075616478960320e-01 4.667037774797598848e-01 5.562431345673218841e-01 6.997596782719972541e-01 7.948425039490123467e-01 8.332531764383774853e-01
5.999999999999999778e-02 1.000000000000000000e+00 5.000000000000000000e+00 1.000000000000000000e+01 2.000000000000000000e+01 4.000000000000000000e+01 8.000000000000000000e+01 1.000000000000000000e+00 5.000000000000000000e+00 1.000000000000000000e+01 2.000000000000000000e+01 4.000000000000000000e+01 8.000000000000000000e+01 1.000000000000000000e+00 4.818967823754039537e-01 4.666066373812035040e-01 5.563622689614809991e-01 6.966620790323410084e-01 7.949814972900224319e-01 8.333155719831973895e-01
6.199999999999999956e-02 1.000000000000000000e+00 5.000000000000000000e+00 1.000000000000000000e+01 2.000000000000000000e+01 4.000000000000000000e+01 8.000000000000000000e+01 1.000000000000000000e+00 5.000000000000000000e+00 1.000000000000000000e+01 2.000000000000000000e+01 4.000000000000000000e+01 8.000000000000000000e+01 1.000000000000000000e+00 4.821951239084814045e-01 4.655502637953204959e-01 5.530019136501144184e-01 6.969624241272253107e-01 7.937046632998824292e-01 8.332269542210527513e-01
6.400000000000000133e-02 1.000000000000000000e+00 5.000000000000000000e+00 1.000000000000000000e+01 2.000000000000000000e+01 4.000000000000000000e+01 8.000000000000000000e+01 1.000000000000000000e+00 5.000000000000000000e+00 1.000000000000000000e+01 2.000000000000000000e+01 4.000000000000000000e+01 8.000000000000000000e+01 1.000000000000000000e+00 4.824075170596607842e-01 4.644147751699668758e-01 5.517495499348741284e-01 6.947229854313164976e-01 7.942045777480006841e-01 8.334123628894010150e-01
6.600000000000000311e-02 1.000000000000000000e+00 5.000000000000000000e+00 1.000000000000000000e+01 2.000000000000000000e+01 4.000000000000000000e+01 8.000000000000000000e+01 1.000000000000000000e+00 5.000000000000000000e+00 1.000000000000000000e+01 2.000000000000000000e+01 4.000000000000000000e+01 8.000000000000000000e+01 1.000000000000000000e+00 4.829708895469541630e-01 4.629674625562421597e-01 5.493740421093022963e-01 6.933970110740063086e-01 7.938104823194661597e-01 8.331399030298153319e-01
6.800000000000000488e-02 1.000000000000000000e+00 5.000000000000000000e+00 1.000000000000000000e+01 2.000000000000000000e+01 4.000000000000000000e+01 8.000000000000000000e+01 1.000000000000000000e+00 5.000000000000000000e+00 1.000000000000000000e+01 2.000000000000000000e+01 4.000000000000000000e+01 8.000000000000000000e+01 1.000000000000000000e+00 4.828249349365006937e-01 4.643095000265071715e-01 5.477141372587787105e-01 6.941094157834448719e-01 7.940121062209121172e-01 8.330559514059807658e-01
7.000000000000000666e-02 1.000000000000000000e+00 5.000000000000000000e+00 1.000000000000000000e+01 2.000000000000000000e+01 4.000000000000000000e+01 8.000000000000000000e+01 1.000000000000000000e+00 5.000000000000000000e+00 1.000000000000000000e+01 2.000000000000000000e+01 4.000000000000000000e+01 8.000000000000000000e+01 1.000000000000000000e+00 4.833158865014305361e-01 4.642939140763586714e-01 5.475619867469478930e-01 6.906898305100908075e-01 7.937265473006879235e-01 8.332641044898972948e-01
7.200000000000000844e-02 1.000000000000000000e+00 5.000000000000000000e+00 1.000000000000000000e+01 2.000000000000000000e+01 4.000000000000000000e+01 8.000000000000000000e+01 1.000000000000000000e+00 5.000000000000000000e+00 1.000000000000000000e+01 2.000000000000000000e+01 4.000000000000000000e+01 8.000000000000000000e+01 1.000000000000000000e+00 4.834046957301865177e-01 4.626812213403849183e-01 5.471242592016617445e-01 6.911594240163221325e-01 7.943275154562298157e-01 8.332364558701438328e-01
7.400000000000001021e-02 1.000000000000000000e+00 5.000000000000000000e+00 1.000000000000000000e+01 2.000000000000000000e+01 4.000000000000000000e+01 8.000000000000000000e+01 1.000000000000000000e+00 5.000000000000000000e+00 1.000000000000000000e+01 2.000000000000000000e+01 4.000000000000000000e+01 8.000000000000000000e+01 1.000000000000000000e+00 4.843018065391387350e-01 4.622912027228641141e-01 5.468805022414778838e-01 6.899578528643567354e-01 7.930074493688918924e-01 8.329673679839153522e-01
7.599999999999998423e-02 1.000000000000000000e+00 5.000000000000000000e+00 1.000000000000000000e+01 2.000000000000000000e+01 4.000000000000000000e+01 8.000000000000000000e+01 1.000000000000000000e+00 5.000000000000000000e+00 1.000000000000000000e+01 2.000000000000000000e+01 4.000000000000000000e+01 8.000000000000000000e+01 1.000000000000000000e+00 4.838466917014077051e-01 4.630238078025939452e-01 5.406990283236512429e-01 6.902904331674303284e-01 7.922052728234973973e-01 8.328693417871131377e-01
7.799999999999998601e-02 1.000000000000000000e+00 5.000000000000000000e+00 1.000000000000000000e+01 2.000000000000000000e+01 4.000000000000000000e+01 8.000000000000000000e+01 1.000000000000000000e+00 5.000000000000000000e+00 1.000000000000000000e+01 2.000000000000000000e+01 4.000000000000000000e+01 8.000000000000000000e+01 1.000000000000000000e+00 4.844682921378831164e-01 4.639771097091298646e-01 5.389354276957701861e-01 6.859643693349205540e-01 7.926052628913632381e-01 8.330042604230336600e-01
7.999999999999998779e-02 1.000000000000000000e+00 5.000000000000000000e+00 1.000000000000000000e+01 2.000000000000000000e+01 4.000000000000000000e+01 8.000000000000000000e+01 1.000000000000000000e+00 5.000000000000000000e+00 1.000000000000000000e+01 2.000000000000000000e+01 4.000000000000000000e+01 8.000000000000000000e+01 1.000000000000000000e+00 4.846280159965649648e-01 4.617028540020853278e-01 5.389221366268390767e-01 6.883832008401847835e-01 7.927589125198533093e-01 8.327470079966178274e-01
8.199999999999998956e-02 1.000000000000000000e+00 5.000000000000000000e+00 1.000000000000000000e+01 2.000000000000000000e+01 4.000000000000000000e+01 8.000000000000000000e+01 1.000000000000000000e+00 5.000000000000000000e+00 1.000000000000000000e+01 2.000000000000000000e+01 4.000000000000000000e+01 8.000000000000000000e+01 1.000000000000000000e+00 4.847433241571565410e-01 4.620017202659137401e-01 5.386450112614245000e-01 6.858725790019526425e-01 7.912705085112103909e-01 8.328552809581883931e-01
8.399999999999999134e-02 1.000000000000000000e+00 5.000000000000000000e+00 1.000000000000000000e+01 2.000000000000000000e+01 4.000000000000000000e+01 8.000000000000000000e+01 1.000000000000000000e+00 5.000000000000000000e+00 1.000000000000000000e+01 2.000000000000000000e+01 4.000000000000000000e+01 8.000000000000000000e+01 1.000000000000000000e+00 4.848653314887187982e-01 4.603120309434411972e-01 5.359854001722385020e-01 6.832479956086633388e-01 7.910171734220760031e-01 8.328215479125715692e-01
8.599999999999999312e-02 1.000000000000000000e+00 5.000000000000000000e+00 1.000000000000000000e+01 2.000000000000000000e+01 4.000000000000000000e+01 8.000000000000000000e+01 1.000000000000000000e+00 5.000000000000000000e+00 1.000000000000000000e+01 2.000000000000000000e+01 4.000000000000000000e+01 8.000000000000000000e+01 1.000000000000000000e+00 4.851824531889197822e-01 4.612531176319631387e-01 5.380919625452170729e-01 6.861329125003438056e-01 7.915542940777725578e-01 8.328541153837384359e-01
8.799999999999999489e-02 1.000000000000000000e+00 5.000000000000000000e+00 1.000000000000000000e+01 2.000000000000000000e+01 4.000000000000000000e+01 8.000000000000000000e+01 1.000000000000000000e+00 5.000000000000000000e+00 1.000000000000000000e+01 2.000000000000000000e+01 4.000000000000000000e+01 8.000000000000000000e+01 1.000000000000000000e+00 4.856137574269590584e-01 4.599796999381513540e-01 5.351111402152818330e-01 6.863567774528209764e-01 7.907202473941388199e-01 8.328274891406661773e-01
8.999999999999999667e-02 1.000000000000000000e+00 5.000000000000000000e+00 1.000000000000000000e+01 2.000000000000000000e+01 4.000000000000000000e+01 8.000000000000000000e+01 1.000000000000000000e+00 5.000000000000000000e+00 1.000000000000000000e+01 2.000000000000000000e+01 4.000000000000000000e+01 8.000000000000000000e+01 1.000000000000000000e+00 4.857156297330334493e-01 4.611973487287591711e-01 5.338659932125849883e-01 6.842503326385588336e-01 7.901186427248885202e-01 8.325672506218938507e-01
9.199999999999999845e-02 1.000000000000000000e+00 5.000000000000000000e+00 1.000000000000000000e+01 2.000000000000000000e+01 4.000000000000000000e+01 8.000000000000000000e+01 1.000000000000000000e+00 5.000000000000000000e+00 1.000000000000000000e+01 2.000000000000000000e+01 4.000000000000000000e+01 8.000000000000000000e+01 1.000000000000000000e+00 4.861386182216218543e-01 4.600385973805307671e-01 5.336850979279629259e-01 6.818798503518141985e-01 7.905410927958803624e-01 8.325618593314375593e-01
9.400000000000000022e-02 1.000000000000000000e+00 5.000000000000000000e+00 1.000000000000000000e+01 2.000000000000000000e+01 4.000000000000000000e+01 8.000000000000000000e+01 1.000000000000000000e+00 5.000000000000000000e+00 1.000000000000000000e+01 2.000000000000000000e+01 4.000000000000000000e+01 8.000000000000000000e+01 1.000000000000000000e+00 4.859340644159293454e-01 4.603730976004554165e-01 5.338536568199706567e-01 6.840306283088207762e-01 7.907677670047721374e-01 8.326344849938608350e-01
9.600000000000000200e-02 1.000000000000000000e+00 5.000000000000000000e+00 1.000000000000000000e+01 2.000000000000000000e+01 4.000000000000000000e+01 8.000000000000000000e+01 1.000000000000000000e+00 5.000000000000000000e+00 1.000000000000000000e+01 2.000000000000000000e+01 4.000000000000000000e+01 8.000000000000000000e+01 1.000000000000000000e+00 4.860316039984063363e-01 4.595215643051935861e-01 5.352316901265571358e-01 6.810277135660687264e-01 7.894160607159139698e-01 8.325983249417424625e-01
9.800000000000000377e-02 1.000000000000000000e+00 5.000000000000000000e+00 1.000000000000000000e+01 2.000000000000000000e+01 4.000000000000000000e+01 8.000000000000000000e+01 1.000000000000000000e+00 5.000000000000000000e+00 1.000000000000000000e+01 2.000000000000000000e+01 4.000000000000000000e+01 8.000000000000000000e+01 1.000000000000000000e+00 4.861011459585360406e-01 4.593782947951202678e-01 5.298755935081940205e-01 6.837279508812007522e-01 7.895604134515739059e-01 8.326322106747238161e-01
1.000000000000000056e-01 1.000000000000000000e+00 5.000000000000000000e+00 1.000000000000000000e+01 2.000000000000000000e+01 4.000000000000000000e+01 8.000000000000000000e+01 1.000000000000000000e+00 5.000000000000000000e+00 1.000000000000000000e+01 2.000000000000000000e+01 4.000000000000000000e+01 8.000000000000000000e+01 1.000000000000000000e+00 4.862461009309669846e-01 4.599405765728945550e-01 5.284246869780219180e-01 6.800745887237591436e-01 7.880718692319605978e-01 8.325098426021304565e-01
