-1.000000000000000021e-02 -1.000000000000000021e-02 0.000000000000000000e+00 5.000000000000000104e-03 5.000000000000000104e-03 5.000000000000000000e-01 5.000000000000000000e-01 4.000000000000000222e-01 2.000000000000000111e-01 0.000000000000000000e+00 2.000000000000000111e-01 4.000000000000000222e-01 4.408645329314220263e-01 4.453728699880284969e-01 4.518788922466610569e-01 4.628537538512631500e-01 4.738075065212082326e-01
-1.000000000000000021e-02 -1.000000000000000021e-02 0.000000000000000000e+00 5.000000000000000104e-03 5.000000000000000104e-03 6.638655462184873679e-01 6.638655462184873679e-01 4.000000000000000222e-01 2.000000000000000111e-01 0.000000000000000000e+00 2.000000000000000111e-01 4.000000000000000222e-01 4.307760641999188178e-01 4.363027840465983909e-01 4.428431670552185340e-01 4.575255260764451992e-01 4.726781163107862116e-01
-1.000000000000000021e-02 -1.000000000000000021e-02 0.000000000000000000e+00 5.000000000000000104e-03 5.000000000000000104e-03 8.277310924369747358e-01 8.277310924369747358e-01 4.000000000000000222e-01 2.000000000000000111e-01 0.000000000000000000e+00 2.000000000000000111e-01 4.000000000000000222e-01 4.233295584218626506e-01 4.295058123624071467e-01 4.375074954854348830e-01 4.547916593421211240e-01 4.731648674962981027e-01
-1.000000000000000021e-02 -1.000000000000000021e-02 0.000000000000000000e+00 5.000000000000000104e-03 5.000000000000000104e-03 9.915966386554622147e-01 9.915966386554622147e-01 4.000000000000000222e-01 2.000000000000000111e-01 0.000000000000000000e+00 2.000000000000000111e-01 4.000000000000000222e-01 4.204244319673455799e-01 4.262692518778520290e-01 4.346150607561762858e-01 4.558848278876642124e-01 4.756148437009862229e-01
-1.000000000000000021e-02 -1.000000000000000021e-02 0.000000000000000000e+00 5.000000000000000104e-03 5.000000000000000104e-03 1.155462184873949472e+00 1.155462184873949472e+00 4.000000000000000222e-01 2.000000000000000111e-01 0.000000000000000000e+00 2.000000000000000111e-01 4.000000000000000222e-01 4.191666065157277354e-01 4.254361157606165733e-01 4.341093151113750714e-01 4.571602665707766300e-01 4.801944211765979964e-01
-1.000000000000000021e-02 -1.000000000000000021e-02 0.000000000000000000e+00 5.000000000000000104e-03 5.000000000000000104e-03 1.319327731092436951e+00 1.319327731092436951e+00 4.000000000000000222e-01 2.000000000000000111e-01 0.000000000000000000e+00 2.000000000000000111e-01 4.000000000000000222e-01 4.214625219633195141e-01 4.274823664484324603e-01 4.352909924933520691e-01 4.602876261148399761e-01 4.855071292877654043e-01
-1.000000000000000021e-02 -1.000000000000000021e-02 0.000000000000000000e+00 5.000000000000000104e-03 5.000000000000000104e-03 1.483193277310924429e+00 1.483193277310924429e+00 4.000000000000000222e-01 2.000000000000000111e-01 0.000000000000000000e+00 2.000000000000000111e-01 4.000000000000000222e-01 4.236852690238192554e-01 4.303580415310719887e-01 4.386853826345393781e-01 4.654921998319654364e-01 4.924386528436991428e-01
-1.000000000000000021e-02 -1.000000000000000021e-02 0.000000000000000000e+00 5.000000000000000104e-03 5.000000000000000104e-03 1.647058823529411686e+00 1.647058823529411686e+00 4.000000000000000222e-01 2.000000000000000111e-01 0.000000000000000000e+00 2.000000000000000111e-01 4.000000000000000222e-01 4.296156277911333810e-01 4.344413333560649404e-01 4.428512817008281588e-01 4.718678015045644214e-01 4.981801972516082810e-01
-1.000000000000000021e-02 -1.000000000000000021e-02 0.000000000000000000e+00 5.000000000000000104e-03 5.000000000000000104e-03 1.810924369747899165e+00 1.810924369747899165e+00 4.000000000000000222e-01 2.000000000000000111e-01 0.000000000000000000e+00 2.000000000000000111e-01 4.000000000000000222e-01 4.355061840652111882e-01 4.395933535752228893e-01 4.484719317279232120e-01 4.780991606779069758e-01 5.053970802670393336e-01
-1.000000000000000021e-02 -1.000000000000000021e-02 0.000000000000000000e+00 5.000000000000000104e-03 5.000000000000000104e-03 1.974789915966386644e+00 1.974789915966386644e+00 4.000000000000000222e-01 2.000000000000000111e-01 0.000000000000000000e+00 2.000000000000000111e-01 4.000000000000000222e-01 4.410032543050382836e-01 4.461233728954043798e-01 4.544870736356277918e-01 4.848135063094056729e-01 5.131182728887550004e-01
-1.000000000000000021e-02 -1.000000000000000021e-02 0.000000000000000000e+00 5.000000000000000104e-03 5.000000000000000104e-03 2.138655462184873901e+00 2.138655462184873901e+00 4.000000000000000222e-01 2.000000000000000111e-01 0.000000000000000000e+00 2.000000000000000111e-01 4.000000000000000222e-01 4.476554944655323220e-01 4.529297187351337683e-01 4.611611263728395138e-01 4.926978162492255953e-01 5.203554522896736145e-01
-1.000000000000000021e-02 -1.000000000000000021e-02 0.000000000000000000e+00 5.000000000000000104e-03 5.000000000000000104e-03 2.302521008403361158e+00 2.302521008403361158e+00 4.000000000000000222e-01 2.000000000000000111e-01 0.000000000000000000e+00 2.000000000000000111e-01 4.000000000000000222e-01 4.534100541670583184e-01 4.597289464671632242e-01 4.685147527900021536e-01 4.982846929249042933e-01 5.270454758252891558e-01
-1.000000000000000021e-02 -1.000000000000000021e-02 0.000000000000000000e+00 5.000000000000000104e-03 5.000000000000000104e-03 2.466386554621848859e+00 2.466386554621848859e+00 4.000000000000000222e-01 2.000000000000000111e-01 0.000000000000000000e+00 2.000000000000000111e-01 4.000000000000000222e-01 4.610957091875387825e-01 4.671830613493820339e-01 4.754144206376817450e-01 5.070600334349077976e-01 5.334522097610262525e-01
-1.000000000000000021e-02 -1.000000000000000021e-02 0.000000000000000000e+00 5.000000000000000104e-03 5.000000000000000104e-03 2.630252100840336116e+00 2.630252100840336116e+00 4.000000000000000222e-01 2.000000000000000111e-01 0.000000000000000000e+00 2.000000000000000111e-01 4.000000000000000222e-01 4.670030669119414335e-01 4.750314269211855511e-01 4.826184580118381695e-01 5.128587061659932722e-01 5.399104522274278395e-01
-1.000000000000000021e-02 -1.000000000000000021e-02 0.000000000000000000e+00 5.000000000000000104e-03 5.000000000000000104e-03 2.794117647058823373e+00 2.794117647058823373e+00 4.000000000000000222e-01 2.000000000000000111e-01 0.000000000000000000e+00 2.000000000000000111e-01 4.000000000000000222e-01 4.748767744448095796e-01 4.808455748234832794e-01 4.906665436370294398e-01 5.199449782621965443e-01 5.458164443208767258e-01
-1.000000000000000021e-02 -1.000000000000000021e-02 0.000000000000000000e+00 5.000000000000000104e-03 5.000000000000000104e-03 2.957983193277311074e+00 2.957983193277311074e+00 4.000000000000000222e-01 2.000000000000000111e-01 0.000000000000000000e+00 2.000000000000000111e-01 4.000000000000000222e-01 4.819155622607769196e-01 4.871733921092295527e-01 4.974801324767668120e-01 5.273570051511687895e-01 5.518841183132621175e-01
-1.000000000000000021e-02 -1.000000000000000021e-02 0.000000000000000000e+00 5.000000000000000104e-03 5.000000000000000104e-03 3.121848739495798331e+00 3.121848739495798331e+00 4.000000000000000222e-01 2.000000000000000111e-01 0.000000000000000000e+00 2.000000000000000111e-01 4.000000000000000222e-01 4.881422228950695885e-01 4.942485967664581037e-01 5.043835369026244964e-01 5.325053922475515567e-01 5.574253273728403402e-01
-1.000000000000000021e-02 -1.000000000000000021e-02 0.000000000000000000e+00 5.000000000000000104e-03 5.000000000000000104e-03 3.285714285714285587e+00 3.285714285714285587e+00 4.000000000000000222e-01 2.000000000000000111e-01 0.000000000000000000e+00 2.000000000000000111e-01 4.000000000000000222e-01 4.945034227038829222e-01 5.000870202429268385e-01 5.110877707641777734e-01 5.393133751494381123e-01 5.629429619138379692e-01
-1.000000000000000021e-02 -1.000000000000000021e-02 0.000000000000000000e+00 5.000000000000000104e-03 5.000000000000000104e-03 3.449579831932773288e+00 3.449579831932773288e+00 4.000000000000000222e-01 2.000000000000000111e-01 0.000000000000000000e+00 2.000000000000000111e-01 4.000000000000000222e-01 5.012634552093953033e-01 5.068753055344012992e-01 5.173139848725406553e-01 5.455311128734662285e-01 5.680762088387890651e-01
-1.000000000000000021e-02 -1.000000000000000021e-02 0.000000000000000000e+00 5.000000000000000104e-03 5.000000000000000104e-03 3.613445378151260545e+00 3.613445378151260545e+00 4.000000000000000222e-01 2.000000000000000111e-01 0.000000000000000000e+00 2.000000000000000111e-01 4.000000000000000222e-01 5.063355590216734869e-01 5.130898881131090716e-01 5.238171194557096344e-01 5.506489318813768685e-01 5.720343652075222662e-01
-1.000000000000000021e-02 -1.000000000000000021e-02 0.000000000000000000e+00 5.000000000000000104e-03 5.000000000000000104e-03 3.777310924369747802e+00 3.777310924369747802e+00 4.000000000000000222e-01 2.000000000000000111e-01 0.000000000000000000e+00 2.000000000000000111e-01 4.000000000000000222e-01 5.132370642315752240e-01 5.181407337582653039e-01 5.282167435302403957e-01 5.549749694015314594e-01 5.776614357032884284e-01
-1.000000000000000021e-02 -1.000000000000000021e-02 0.000000000000000000e+00 5.000000000000000104e-03 5.000000000000000104e-03 3.941176470588235503e+00 3.941176470588235503e+00 4.000000000000000222e-01 2.000000000000000111e-01 0.000000000000000000e+00 2.000000000000000111e-01 4.000000000000000222e-01 5.171534219199341864e-01 5.243621592533100895e-01 5.347213644706700908e-01 5.604572518470268827e-01 5.816931413349994973e-01
-1.000000000000000021e-02 -1.000000000000000021e-02 0.000000000000000000e+00 5.000000000000000104e-03 5.000000000000000104e-03 4.105042016806722316e+00 4.105042016806722316e+00 4.000000000000000222e-01 2.000000000000000111e-01 0.000000000000000000e+00 2.000000000000000111e-01 4.000000000000000222e-01 5.237338733294080173e-01 5.316463123068295715e-01 5.409931479759536588e-01 5.656417718339366019e-01 5.848758061476244663e-01
-1.000000000000000021e-02 -1.000000000000000021e-02 0.000000000000000000e+00 5.000000000000000104e-03 5.000000000000000104e-03 4.268907563025210017e+00 4.268907563025210017e+00 4.000000000000000222e-01 2.000000000000000111e-01 0.000000000000000000e+00 2.000000000000000111e-01 4.000000000000000222e-01 5.276001220756002530e-01 5.355480431971030297e-01 5.452410915315115680e-01 5.693060231530996385e-01 5.889677173077220163e-01
-1.000000000000000021e-02 -1.000000000000000021e-02 0.000000000000000000e+00 5.000000000000000104e-03 5.000000000000000104e-03 4.432773109243697718e+00 4.432773109243697718e+00 4.000000000000000222e-01 2.000000000000000111e-01 0.000000000000000000e+00 2.000000000000000111e-01 4.000000000000000222e-01 5.338393969793578941e-01 5.397155134381800279e-01 5.508438521264918952e-01 5.738077207982981154e-01 5.928011063301690253e-01
-1.000000000000000021e-02 -1.000000000000000021e-02 0.000000000000000000e+00 5.000000000000000104e-03 5.000000000000000104e-03 4.596638655462184531e+00 4.596638655462184531e+00 4.000000000000000222e-01 2.000000000000000111e-01 0.000000000000000000e+00 2.000000000000000111e-01 4.000000000000000222e-01 5.380019023508170184e-01 5.445284731653127208e-01 5.554276577224909195e-01 5.783805599412701337e-01 5.953719988840754374e-01
-1.000000000000000021e-02 -1.000000000000000021e-02 0.000000000000000000e+00 5.000000000000000104e-03 5.000000000000000104e-03 4.760504201680672232e+00 4.760504201680672232e+00 4.000000000000000222e-01 2.000000000000000111e-01 0.000000000000000000e+00 2.000000000000000111e-01 4.000000000000000222e-01 5.428369661584064865e-01 5.488873573742287792e-01 5.597793696378871031e-01 5.811312234561198942e-01 5.993300082555379493e-01
-1.000000000000000021e-02 -1.000000000000000021e-02 0.000000000000000000e+00 5.000000000000000104e-03 5.000000000000000104e-03 4.924369747899159933e+00 4.924369747899159933e+00 4.000000000000000222e-01 2.000000000000000111e-01 0.000000000000000000e+00 2.000000000000000111e-01 4.000000000000000222e-01 5.474028160143454835e-01 5.542385150801220073e-01 5.635606147985910974e-01 5.852815188576949712e-01 6.027359989060721013e-01
-1.000000000000000021e-02 -1.000000000000000021e-02 0.000000000000000000e+00 5.000000000000000104e-03 5.000000000000000104e-03 5.088235294117646745e+00 5.088235294117646745e+00 4.000000000000000222e-01 2.000000000000000111e-01 0.000000000000000000e+00 2.000000000000000111e-01 4.000000000000000222e-01 5.518110598615180162e-01 5.572148473900235821e-01 5.683538902023842487e-01 5.891672622696336736e-01 6.054849001142714737e-01
-1.000000000000000021e-02 -1.000000000000000021e-02 0.000000000000000000e+00 5.000000000000000104e-03 5.000000000000000104e-03 5.252100840336134446e+00 5.252100840336134446e+00 4.000000000000000222e-01 2.000000000000000111e-01 0.000000000000000000e+00 2.000000000000000111e-01 4.000000000000000222e-01 5.558309822256037869e-01 5.606939667825601159e-01 5.731098581445139839e-01 5.924974068426290819e-01 6.084991327287164742e-01
-1.000000000000000021e-02 -1.000000000000000021e-02 0.000000000000000000e+00 5.000000000000000104e-03 5.000000000000000104e-03 5.415966386554622147e+00 5.415966386554622147e+00 4.000000000000000222e-01 2.000000000000000111e-01 0.000000000000000000e+00 2.000000000000000111e-01 4.000000000000000222e-01 5.600983986534510128e-01 5.655728787291551818e-01 5.763101607475541455e-01 5.952940746445932740e-01 6.117351287292518425e-01
-1.000000000000000021e-02 -1.000000000000000021e-02 0.000000000000000000e+00 5.000000000000000104e-03 5.000000000000000104e-03 5.579831932773108960e+00 5.579831932773108960e+00 4.000000000000000222e-01 2.000000000000000111e-01 0.000000000000000000e+00 2.000000000000000111e-01 4.000000000000000222e-01 5.640613917686887469e-01 5.704551652419479479e-01 5.796239884501710460e-01 5.981262366525955665e-01 6.140726007561575495e-01
-1.000000000000000021e-02 -1.000000000000000021e-02 0.000000000000000000e+00 5.000000000000000104e-03 5.000000000000000104e-03 5.743697478991596661e+00 5.743697478991596661e+00 4.000000000000000222e-01 2.000000000000000111e-01 0.000000000000000000e+00 2.000000000000000111e-01 4.000000000000000222e-01 5.682709925180255972e-01 5.729520587742407134e-01 5.840376107734528421e-01 6.016748510674151396e-01 6.168386095799184288e-01
-1.000000000000000021e-02 -1.000000000000000021e-02 0.000000000000000000e+00 5.000000000000000104e-03 5.000000000000000104e-03 5.907563025210084362e+00 5.907563025210084362e+00 4.000000000000000222e-01 2.000000000000000111e-01 0.000000000000000000e+00 2.000000000000000111e-01 4.000000000000000222e-01 5.716719444311735288e-01 5.768341900916040821e-01 5.866712718842058694e-01 6.045026842067438011e-01 6.202038749672280638e-01
-1.000000000000000021e-02 -1.000000000000000021e-02 0.000000000000000000e+00 5.000000000000000104e-03 5.000000000000000104e-03 6.071428571428571175e+00 6.071428571428571175e+00 4.000000000000000222e-01 2.000000000000000111e-01 0.000000000000000000e+00 2.000000000000000111e-01 4.000000000000000222e-01 5.744223652292653748e-01 5.801272896261069345e-01 5.903449313190365366e-01 6.079387034746712715e-01 6.224795691934460473e-01
-1.000000000000000021e-02 -1.000000000000000021e-02 0.000000000000000000e+00 5.000000000000000104e-03 5.000000000000000104e-03 6.235294117647058876e+00 6.235294117647058876e+00 4.000000000000000222e-01 2.000000000000000111e-01 0.000000000000000000e+00 2.000000000000000111e-01 4.000000000000000222e-01 5.773025370161063430e-01 5.843373586934874631e-01 5.926511733421088168e-01 6.096350521139393130e-01 6.240525141314459123e-01
-1.000000000000000021e-02 -1.000000000000000021e-02 0.000000000000000000e+00 5.000000000000000104e-03 5.000000000000000104e-03 6.399159663865546577e+00 6.399159663865546577e+00 4.000000000000000222e-01 2.000000000000000111e-01 0.000000000000000000e+00 2.000000000000000111e-01 4.000000000000000222e-01 5.816152813534247734e-01 5.871535271743374418e-01 5.965537598271475339e-01 6.136586176138154602e-01 6.269309092079909940e-01
-1.000000000000000021e-02 -1.000000000000000021e-02 0.000000000000000000e+00 5.000000000000000104e-03 5.000000000000000104e-03 6.563025210084033390e+00 6.563025210084033390e+00 4.000000000000000222e-01 2.000000000000000111e-01 0.000000000000000000e+00 2.000000000000000111e-01 4.000000000000000222e-01 5.850655670902071837e-01 5.900347919625017479e-01 5.999716615417919341e-01 6.158827855473733015e-01 6.289436848586509310e-01
-1.000000000000000021e-02 -1.000000000000000021e-02 0.000000000000000000e+00 5.000000000000000104e-03 5.000000000000000104e-03 6.726890756302521091e+00 6.726890756302521091e+00 4.000000000000000222e-01 2.000000000000000111e-01 0.000000000000000000e+00 2.000000000000000111e-01 4.000000000000000222e-01 5.876087943148833315e-01 5.930081230587731511e-01 6.025150169454246418e-01 6.182620641378906434e-01 6.312284986952294563e-01
-1.000000000000000021e-02 -1.000000000000000021e-02 0.000000000000000000e+00 5.000000000000000104e-03 5.000000000000000104e-03 6.890756302521008791e+00 6.890756302521008791e+00 4.000000000000000222e-01 2.000000000000000111e-01 0.000000000000000000e+00 2.000000000000000111e-01 4.000000000000000222e-01 5.908638662629948080e-01 5.970223760557050730e-01 6.052745141059282519e-01 6.213224351532253831e-01 6.334390252004250543e-01
-1.000000000000000021e-02 -1.000000000000000021e-02 0.000000000000000000e+00 5.000000000000000104e-03 5.000000000000000104e-03 7.054621848739495604e+00 7.054621848739495604e+00 4.000000000000000222e-01 2.000000000000000111e-01 0.000000000000000000e+00 2.000000000000000111e-01 4.000000000000000222e-01 5.951706438798916032e-01 5.991917673975932779e-01 6.082127841339948215e-01 6.231627772751382466e-01 6.355035178644306004e-01
-1.000000000000000021e-02 -1.000000000000000021e-02 0.000000000000000000e+00 5.000000000000000104e-03 5.000000000000000104e-03 7.218487394957983305e+00 7.218487394957983305e+00 4.000000000000000222e-01 2.000000000000000111e-01 0.000000000000000000e+00 2.000000000000000111e-01 4.000000000000000222e-01 5.970921586776170020e-01 6.011071079446491661e-01 6.113035617701237934e-01 6.242527056066496938e-01 6.370434640544230254e-01
-1.000000000000000021e-02 -1.000000000000000021e-02 0.000000000000000000e+00 5.000000000000000104e-03 5.000000000000000104e-03 7.382352941176471006e+00 7.382352941176471006e+00 4.000000000000000222e-01 2.000000000000000111e-01 0.000000000000000000e+00 2.000000000000000111e-01 4.000000000000000222e-01 5.995850050389724961e-01 6.050518451773755357e-01 6.124056941089102146e-01 6.275638103369138854e-01 6.397418185938520407e-01
-1.000000000000000021e-02 -1.000000000000000021e-02 0.000000000000000000e+00 5.000000000000000104e-03 5.000000000000000104e-03 7.546218487394957819e+00 7.546218487394957819e+00 4.000000000000000222e-01 2.000000000000000111e-01 0.000000000000000000e+00 2.000000000000000111e-01 4.000000000000000222e-01 6.028804588628861039e-01 6.081085818446279045e-01 6.151437556042245181e-01 6.291952897412079748e-01 6.421988578000746850e-01
-1.000000000000000021e-02 -1.000000000000000021e-02 0.000000000000000000e+00 5.000000000000000104e-03 5.000000000000000104e-03 7.710084033613445520e+00 7.710084033613445520e+00 4.000000000000000222e-01 2.000000000000000111e-01 0.000000000000000000e+00 2.000000000000000111e-01 4.000000000000000222e-01 6.054907974003441717e-01 6.100123362652254411e-01 6.172321843592977197e-01 6.309118496219976446e-01 6.432488222351290252e-01
-1.000000000000000021e-02 -1.000000000000000021e-02 0.000000000000000000e+00 5.000000000000000104e-03 5.000000000000000104e-03 7.873949579831933221e+00 7.873949579831933221e+00 4.000000000000000222e-01 2.000000000000000111e-01 0.000000000000000000e+00 2.000000000000000111e-01 4.000000000000000222e-01 6.072013806037512840e-01 6.125943153648906181e-01 6.202000329820908098e-01 6.338373635107438231e-01 6.456322828750539200e-01
-1.000000000000000021e-02 -1.000000000000000021e-02 0.000000000000000000e+00 5.000000000000000104e-03 5.000000000000000104e-03 8.037815126050420034e+00 8.037815126050420034e+00 4.000000000000000222e-01 2.000000000000000111e-01 0.000000000000000000e+00 2.000000000000000111e-01 4.000000000000000222e-01 6.107626125260535721e-01 6.143283612463599219e-01 6.222418611801767696e-01 6.349662708816354861e-01 6.460090790661457971e-01
-1.000000000000000021e-02 -1.000000000000000021e-02 0.000000000000000000e+00 5.000000000000000104e-03 5.000000000000000104e-03 8.201680672268906847e+00 8.201680672268906847e+00 4.000000000000000222e-01 2.000000000000000111e-01 0.000000000000000000e+00 2.000000000000000111e-01 4.000000000000000222e-01 6.118847315186413116e-01 6.173071297470715812e-01 6.238726450054126182e-01 6.367356410129508815e-01 6.493201941339484806e-01
-1.000000000000000021e-02 -1.000000000000000021e-02 0.000000000000000000e+00 5.000000000000000104e-03 5.000000000000000104e-03 8.365546218487395436e+00 8.365546218487395436e+00 4.000000000000000222e-01 2.000000000000000111e-01 0.000000000000000000e+00 2.000000000000000111e-01 4.000000000000000222e-01 6.144428477309830106e-01 6.191301568358857921e-01 6.263142771847242107e-01 6.390067199672463394e-01 6.505991160667934370e-01
-1.000000000000000021e-02 -1.000000000000000021e-02 0.000000000000000000e+00 5.000000000000000104e-03 5.000000000000000104e-03 8.529411764705882248e+00 8.529411764705882248e+00 4.000000000000000222e-01 2.000000000000000111e-01 0.000000000000000000e+00 2.000000000000000111e-01 4.000000000000000222e-01 6.178443187515793023e-01 6.218467030361046755e-01 6.278074130047563983e-01 6.405849760484563227e-01 6.521894619733064058e-01
-1.000000000000000021e-02 -1.000000000000000021e-02 0.000000000000000000e+00 5.000000000000000104e-03 5.000000000000000104e-03 8.693277310924369061e+00 8.693277310924369061e+00 4.000000000000000222e-01 2.000000000000000111e-01 0.000000000000000000e+00 2.000000000000000111e-01 4.000000000000000222e-01 6.205975358797074515e-01 6.236971313214205725e-01 6.300746122347415934e-01 6.428449082804503778e-01 6.532104579810358302e-01
-1.000000000000000021e-02 -1.000000000000000021e-02 0.000000000000000000e+00 5.000000000000000104e-03 5.000000000000000104e-03 8.857142857142857650e+00 8.857142857142857650e+00 4.000000000000000222e-01 2.000000000000000111e-01 0.000000000000000000e+00 2.000000000000000111e-01 4.000000000000000222e-01 6.221566985220234880e-01 6.257617806899431478e-01 6.320256645694621866e-01 6.443846813136608898e-01 6.548103721267468647e-01
-1.000000000000000021e-02 -1.000000000000000021e-02 0.000000000000000000e+00 5.000000000000000104e-03 5.000000000000000104e-03 9.021008403361344463e+00 9.021008403361344463e+00 4.000000000000000222e-01 2.000000000000000111e-01 0.000000000000000000e+00 2.000000000000000111e-01 4.000000000000000222e-01 6.246406080740459776e-01 6.282659940438757307e-01 6.342008118548653206e-01 6.464475505464306604e-01 6.570588115434973231e-01
-1.000000000000000021e-02 -1.000000000000000021e-02 0.000000000000000000e+00 5.000000000000000104e-03 5.000000000000000104e-03 9.184873949579831276e+00 9.184873949579831276e+00 4.000000000000000222e-01 2.000000000000000111e-01 0.000000000000000000e+00 2.000000000000000111e-01 4.000000000000000222e-01 6.261339794697361461e-01 6.305486298251484767e-01 6.352166237770064949e-01 6.483916243554661563e-01 6.576501266262299028e-01
-1.000000000000000021e-02 -1.000000000000000021e-02 0.000000000000000000e+00 5.000000000000000104e-03 5.000000000000000104e-03 9.348739495798319865e+00 9.348739495798319865e+00 4.000000000000000222e-01 2.000000000000000111e-01 0.000000000000000000e+00 2.000000000000000111e-01 4.000000000000000222e-01 6.282814452368625791e-01 6.315083353379710163e-01 6.377185138453452806e-01 6.494666700873554799e-01 6.592697614229118264e-01
-1.000000000000000021e-02 -1.000000000000000021e-02 0.000000000000000000e+00 5.000000000000000104e-03 5.000000000000000104e-03 9.512605042016806678e+00 9.512605042016806678e+00 4.000000000000000222e-01 2.000000000000000111e-01 0.000000000000000000e+00 2.000000000000000111e-01 4.000000000000000222e-01 6.305157430780327088e-01 6.341487141666694027e-01 6.399913621118104023e-01 6.506966773088642686e-01 6.602407226882373026e-01
-1.000000000000000021e-02 -1.000000000000000021e-02 0.000000000000000000e+00 5.000000000000000104e-03 5.000000000000000104e-03 9.676470588235293491e+00 9.676470588235293491e+00 4.000000000000000222e-01 2.000000000000000111e-01 0.000000000000000000e+00 2.000000000000000111e-01 4.000000000000000222e-01 6.339121591352805396e-01 6.360137153487862571e-01 6.406671266426205991e-01 6.524461429736786444e-01 6.627254500053968433e-01
-1.000000000000000021e-02 -1.000000000000000021e-02 0.000000000000000000e+00 5.000000000000000104e-03 5.000000000000000104e-03 9.840336134453782080e+00 9.840336134453782080e+00 4.000000000000000222e-01 2.000000000000000111e-01 0.000000000000000000e+00 2.000000000000000111e-01 4.000000000000000222e-01 6.344345793182079030e-01 6.377262882416750989e-01 6.419207474261332536e-01 6.538600849896746281e-01 6.630071590557519157e-01
-1.000000000000000021e-02 -1.000000000000000021e-02 0.000000000000000000e+00 5.000000000000000104e-03 5.000000000000000104e-03 1.000420168067226889e+01 1.000420168067226889e+01 4.000000000000000222e-01 2.000000000000000111e-01 0.000000000000000000e+00 2.000000000000000111e-01 4.000000000000000222e-01 6.374853747931765735e-01 6.401375070675642265e-01 6.436407401555698238e-01 6.550442440708499348e-01 6.654338673781022839e-01
-1.000000000000000021e-02 -1.000000000000000021e-02 0.000000000000000000e+00 5.000000000000000104e-03 5.000000000000000104e-03 1.016806722689075571e+01 1.016806722689075571e+01 4.000000000000000222e-01 2.000000000000000111e-01 0.000000000000000000e+00 2.000000000000000111e-01 4.000000000000000222e-01 6.373719527768524351e-01 6.417886988087578848e-01 6.459108542592260083e-01 6.571172464709771344e-01 6.660374074521411281e-01
-1.000000000000000021e-02 -1.000000000000000021e-02 0.000000000000000000e+00 5.000000000000000104e-03 5.000000000000000104e-03 1.033193277310924429e+01 1.033193277310924429e+01 4.000000000000000222e-01 2.000000000000000111e-01 0.000000000000000000e+00 2.000000000000000111e-01 4.000000000000000222e-01 6.397624676330478932e-01 6.432752478073937574e-01 6.474751985750681893e-01 6.582071393975306162e-01 6.669137362749671949e-01
-1.000000000000000021e-02 -1.000000000000000021e-02 0.000000000000000000e+00 5.000000000000000104e-03 5.000000000000000104e-03 1.049579831932773111e+01 1.049579831932773111e+01 4.000000000000000222e-01 2.000000000000000111e-01 0.000000000000000000e+00 2.000000000000000111e-01 4.000000000000000222e-01 6.424861878831197304e-01 6.453610613263647267e-01 6.488008371294901044e-01 6.601849274812356949e-01 6.696514182199179155e-01
-1.000000000000000021e-02 -1.000000000000000021e-02 0.000000000000000000e+00 5.000000000000000104e-03 5.000000000000000104e-03 1.065966386554621792e+01 1.065966386554621792e+01 4.000000000000000222e-01 2.000000000000000111e-01 0.000000000000000000e+00 2.000000000000000111e-01 4.000000000000000222e-01 6.438595388395158547e-01 6.462629868797780119e-01 6.505989519382295860e-01 6.617539689894318400e-01 6.703839502704614928e-01
-1.000000000000000021e-02 -1.000000000000000021e-02 0.000000000000000000e+00 5.000000000000000104e-03 5.000000000000000104e-03 1.082352941176470651e+01 1.082352941176470651e+01 4.000000000000000222e-01 2.000000000000000111e-01 0.000000000000000000e+00 2.000000000000000111e-01 4.000000000000000222e-01 6.455437663200199738e-01 6.491155754701188885e-01 6.516949910872789076e-01 6.621211249487821693e-01 6.710328789247343995e-01
-1.000000000000000021e-02 -1.000000000000000021e-02 0.000000000000000000e+00 5.000000000000000104e-03 5.000000000000000104e-03 1.098739495798319332e+01 1.098739495798319332e+01 4.000000000000000222e-01 2.000000000000000111e-01 0.000000000000000000e+00 2.000000000000000111e-01 4.000000000000000222e-01 6.475828455953313023e-01 6.499240885970782866e-01 6.532094698194630400e-01 6.631991001019809095e-01 6.725229444928747524e-01
-1.000000000000000021e-02 -1.000000000000000021e-02 0.000000000000000000e+00 5.000000000000000104e-03 5.000000000000000104e-03 1.115126050420168013e+01 1.115126050420168013e+01 4.000000000000000222e-01 2.000000000000000111e-01 0.000000000000000000e+00 2.000000000000000111e-01 4.000000000000000222e-01 6.487024635454313737e-01 6.526022639958374283e-01 6.543630252453278562e-01 6.651716992987758426e-01 6.735253231039279864e-01
-1.000000000000000021e-02 -1.000000000000000021e-02 0.000000000000000000e+00 5.000000000000000104e-03 5.000000000000000104e-03 1.131512605042016872e+01 1.131512605042016872e+01 4.000000000000000222e-01 2.000000000000000111e-01 0.000000000000000000e+00 2.000000000000000111e-01 4.000000000000000222e-01 6.510856975199384999e-01 6.523415965146092121e-01 6.554982556121127235e-01 6.662388386525744943e-01 6.752242534768471138e-01
-1.000000000000000021e-02 -1.000000000000000021e-02 0.000000000000000000e+00 5.000000000000000104e-03 5.000000000000000104e-03 1.147899159663865554e+01 1.147899159663865554e+01 4.000000000000000222e-01 2.000000000000000111e-01 0.000000000000000000e+00 2.000000000000000111e-01 4.000000000000000222e-01 6.523542690176683534e-01 6.543127329216760213e-01 6.568139235818745147e-01 6.679676591124724672e-01 6.750458328149404608e-01
-1.000000000000000021e-02 -1.000000000000000021e-02 0.000000000000000000e+00 5.000000000000000104e-03 5.000000000000000104e-03 1.164285714285714235e+01 1.164285714285714235e+01 4.000000000000000222e-01 2.000000000000000111e-01 0.000000000000000000e+00 2.000000000000000111e-01 4.000000000000000222e-01 6.538371374221434440e-01 6.575089860625072946e-01 6.581235416631933122e-01 6.688569063954320493e-01 6.767771856278497200e-01
-1.000000000000000021e-02 -1.000000000000000021e-02 0.000000000000000000e+00 5.000000000000000104e-03 5.000000000000000104e-03 1.180672268907563094e+01 1.180672268907563094e+01 4.000000000000000222e-01 2.000000000000000111e-01 0.000000000000000000e+00 2.000000000000000111e-01 4.000000000000000222e-01 6.559868115574039038e-01 6.572674938971271308e-01 6.596790765228828235e-01 6.702819057468744068e-01 6.779736007318832858e-01
-1.000000000000000021e-02 -1.000000000000000021e-02 0.000000000000000000e+00 5.000000000000000104e-03 5.000000000000000104e-03 1.197058823529411775e+01 1.197058823529411775e+01 4.000000000000000222e-01 2.000000000000000111e-01 0.000000000000000000e+00 2.000000000000000111e-01 4.000000000000000222e-01 6.578087884577593636e-01 6.587442835423689136e-01 6.607985007801073785e-01 6.715663107633654816e-01 6.799834125073579427e-01
-1.000000000000000021e-02 -1.000000000000000021e-02 0.000000000000000000e+00 5.000000000000000104e-03 5.000000000000000104e-03 1.213445378151260456e+01 1.213445378151260456e+01 4.000000000000000222e-01 2.000000000000000111e-01 0.000000000000000000e+00 2.000000000000000111e-01 4.000000000000000222e-01 6.582865768119414707e-01 6.607973381220411113e-01 6.622510781310904093e-01 6.724485626455684040e-01 6.805272149759739042e-01
-1.000000000000000021e-02 -1.000000000000000021e-02 0.000000000000000000e+00 5.000000000000000104e-03 5.000000000000000104e-03 1.229831932773109315e+01 1.229831932773109315e+01 4.000000000000000222e-01 2.000000000000000111e-01 0.000000000000000000e+00 2.000000000000000111e-01 4.000000000000000222e-01 6.598459557697426980e-01 6.622857297047741731e-01 6.633672536524838348e-01 6.734065118348762091e-01 6.814534309103923437e-01
-1.000000000000000021e-02 -1.000000000000000021e-02 0.000000000000000000e+00 5.000000000000000104e-03 5.000000000000000104e-03 1.246218487394957997e+01 1.246218487394957997e+01 4.000000000000000222e-01 2.000000000000000111e-01 0.000000000000000000e+00 2.000000000000000111e-01 4.000000000000000222e-01 6.616843885793880498e-01 6.629234833958745909e-01 6.640572912492426205e-01 6.744559426956622250e-01 6.825051350406551309e-01
-1.000000000000000021e-02 -1.000000000000000021e-02 0.000000000000000000e+00 5.000000000000000104e-03 5.000000000000000104e-03 1.262605042016806678e+01 1.262605042016806678e+01 4.000000000000000222e-01 2.000000000000000111e-01 0.000000000000000000e+00 2.000000000000000111e-01 4.000000000000000222e-01 6.633369287493429134e-01 6.649650587103247412e-01 6.659161780816043041e-01 6.754492975577760516e-01 6.835393944012115863e-01
-1.000000000000000021e-02 -1.000000000000000021e-02 0.000000000000000000e+00 5.000000000000000104e-03 5.000000000000000104e-03 1.278991596638655537e+01 1.278991596638655537e+01 4.000000000000000222e-01 2.000000000000000111e-01 0.000000000000000000e+00 2.000000000000000111e-01 4.000000000000000222e-01 6.640321829064225190e-01 6.661901178201687923e-01 6.671254442876676238e-01 6.770401020073346654e-01 6.842132385919789117e-01
-1.000000000000000021e-02 -1.000000000000000021e-02 0.000000000000000000e+00 5.000000000000000104e-03 5.000000000000000104e-03 1.295378151260504218e+01 1.295378151260504218e+01 4.000000000000000222e-01 2.000000000000000111e-01 0.000000000000000000e+00 2.000000000000000111e-01 4.000000000000000222e-01 6.653740546986501858e-01 6.675471672055985906e-01 6.668293554962274605e-01 6.781219479937726780e-01 6.856869803428693455e-01
-1.000000000000000021e-02 -1.000000000000000021e-02 0.000000000000000000e+00 5.000000000000000104e-03 5.000000000000000104e-03 1.311764705882352899e+01 1.311764705882352899e+01 4.000000000000000222e-01 2.000000000000000111e-01 0.000000000000000000e+00 2.000000000000000111e-01 4.000000000000000222e-01 6.671026702294954314e-01 6.686647865599582019e-01 6.691817147048643166e-01 6.785502910634684248e-01 6.865422089895740765e-01
-1.000000000000000021e-02 -1.000000000000000021e-02 0.000000000000000000e+00 5.000000000000000104e-03 5.000000000000000104e-03 1.328151260504201758e+01 1.328151260504201758e+01 4.000000000000000222e-01 2.000000000000000111e-01 0.000000000000000000e+00 2.000000000000000111e-01 4.000000000000000222e-01 6.680309343730289617e-01 6.710154499058844646e-01 6.702759233437382003e-01 6.800835780883649484e-01 6.872916751136405322e-01
-1.000000000000000021e-02 -1.000000000000000021e-02 0.000000000000000000e+00 5.000000000000000104e-03 5.000000000000000104e-03 1.344537815126050440e+01 1.344537815126050440e+01 4.000000000000000222e-01 2.000000000000000111e-01 0.000000000000000000e+00 2.000000000000000111e-01 4.000000000000000222e-01 6.700281261337269756e-01 6.706410001406875043e-01 6.709196736495031121e-01 6.811013870579506468e-01 6.890608560517103021e-01
-1.000000000000000021e-02 -1.000000000000000021e-02 0.000000000000000000e+00 5.000000000000000104e-03 5.000000000000000104e-03 1.360924369747899121e+01 1.360924369747899121e+01 4.000000000000000222e-01 2.000000000000000111e-01 0.000000000000000000e+00 2.000000000000000111e-01 4.000000000000000222e-01 6.705271483035375457e-01 6.727732073745853469e-01 6.721655722307970926e-01 6.824935289037428188e-01 6.892888382993515028e-01
-1.000000000000000021e-02 -1.000000000000000021e-02 0.000000000000000000e+00 5.000000000000000104e-03 5.000000000000000104e-03 1.377310924369747980e+01 1.377310924369747980e+01 4.000000000000000222e-01 2.000000000000000111e-01 0.000000000000000000e+00 2.000000000000000111e-01 4.000000000000000222e-01 6.723478213646038038e-01 6.733253991661105609e-01 6.726433014898697271e-01 6.830042498250008531e-01 6.901589945088195677e-01
-1.000000000000000021e-02 -1.000000000000000021e-02 0.000000000000000000e+00 5.000000000000000104e-03 5.000000000000000104e-03 1.393697478991596661e+01 1.393697478991596661e+01 4.000000000000000222e-01 2.000000000000000111e-01 0.000000000000000000e+00 2.000000000000000111e-01 4.000000000000000222e-01 6.740469468664592734e-01 6.747147371036420482e-01 6.737373840940886760e-01 6.840072133669662380e-01 6.909413938126831578e-01
-1.000000000000000021e-02 -1.000000000000000021e-02 0.000000000000000000e+00 5.000000000000000104e-03 5.000000000000000104e-03 1.410084033613445342e+01 1.410084033613445342e+01 4.000000000000000222e-01 2.000000000000000111e-01 0.000000000000000000e+00 2.000000000000000111e-01 4.000000000000000222e-01 6.751660622161989034e-01 6.763054939065654692e-01 6.748417588957882352e-01 6.847571329485810931e-01 6.921122846224295744e-01
-1.000000000000000021e-02 -1.000000000000000021e-02 0.000000000000000000e+00 5.000000000000000104e-03 5.000000000000000104e-03 1.426470588235294201e+01 1.426470588235294201e+01 4.000000000000000222e-01 2.000000000000000111e-01 0.000000000000000000e+00 2.000000000000000111e-01 4.000000000000000222e-01 6.760289174297631209e-01 6.774940105889956099e-01 6.762467119522326264e-01 6.854566022978125783e-01 6.921346824028360434e-01
-1.000000000000000021e-02 -1.000000000000000021e-02 0.000000000000000000e+00 5.000000000000000104e-03 5.000000000000000104e-03 1.442857142857142883e+01 1.442857142857142883e+01 4.000000000000000222e-01 2.000000000000000111e-01 0.000000000000000000e+00 2.000000000000000111e-01 4.000000000000000222e-01 6.769616652711757387e-01 6.793629925271151837e-01 6.766288516463626612e-01 6.861633058252547546e-01 6.940478005217368684e-01
-1.000000000000000021e-02 -1.000000000000000021e-02 0.000000000000000000e+00 5.000000000000000104e-03 5.000000000000000104e-03 1.459243697478991564e+01 1.459243697478991564e+01 4.000000000000000222e-01 2.000000000000000111e-01 0.000000000000000000e+00 2.000000000000000111e-01 4.000000000000000222e-01 6.791849542869846657e-01 6.794491939085155474e-01 6.773502346508432082e-01 6.874934017283711452e-01 6.941975570803763373e-01
-1.000000000000000021e-02 -1.000000000000000021e-02 0.000000000000000000e+00 5.000000000000000104e-03 5.000000000000000104e-03 1.475630252100840423e+01 1.475630252100840423e+01 4.000000000000000222e-01 2.000000000000000111e-01 0.000000000000000000e+00 2.000000000000000111e-01 4.000000000000000222e-01 6.797889133316049604e-01 6.811891729062347078e-01 6.785525132611303079e-01 6.890041583052493035e-01 6.949915615116242229e-01
-1.000000000000000021e-02 -1.000000000000000021e-02 0.000000000000000000e+00 5.000000000000000104e-03 5.000000000000000104e-03 1.492016806722689104e+01 1.492016806722689104e+01 4.000000000000000222e-01 2.000000000000000111e-01 0.000000000000000000e+00 2.000000000000000111e-01 4.000000000000000222e-01 6.802432123053143709e-01 6.815437293065825797e-01 6.787229315366999360e-01 6.894676285411173167e-01 6.962351000117762423e-01
-1.000000000000000021e-02 -1.000000000000000021e-02 0.000000000000000000e+00 5.000000000000000104e-03 5.000000000000000104e-03 1.508403361344537785e+01 1.508403361344537785e+01 4.000000000000000222e-01 2.000000000000000111e-01 0.000000000000000000e+00 2.000000000000000111e-01 4.000000000000000222e-01 6.813493088910070883e-01 6.828129496552831634e-01 6.797943603289064995e-01 6.903119662430130532e-01 6.972216898090775050e-01
-1.000000000000000021e-02 -1.000000000000000021e-02 0.000000000000000000e+00 5.000000000000000104e-03 5.000000000000000104e-03 1.524789915966386644e+01 1.524789915966386644e+01 4.000000000000000222e-01 2.000000000000000111e-01 0.000000000000000000e+00 2.000000000000000111e-01 4.000000000000000222e-01 6.829046030826377844e-01 6.831459937349982914e-01 6.813583920130479310e-01 6.918642741004424890e-01 6.979792475173121069e-01
-1.000000000000000021e-02 -1.000000000000000021e-02 0.000000000000000000e+00 5.000000000000000104e-03 5.000000000000000104e-03 1.541176470588235325e+01 1.541176470588235325e+01 4.000000000000000222e-01 2.000000000000000111e-01 0.000000000000000000e+00 2.000000000000000111e-01 4.000000000000000222e-01 6.840592480764731143e-01 6.840469656554986067e-01 6.817499659214042440e-01 6.923262818155464515e-01 6.987514156054877024e-01
-1.000000000000000021e-02 -1.000000000000000021e-02 0.000000000000000000e+00 5.000000000000000104e-03 5.000000000000000104e-03 1.557563025210084007e+01 1.557563025210084007e+01 4.000000000000000222e-01 2.000000000000000111e-01 0.000000000000000000e+00 2.000000000000000111e-01 4.000000000000000222e-01 6.847522038233481156e-01 6.861785660670953746e-01 6.830164421378063233e-01 6.934698328565452874e-01 6.991269259160590721e-01
-1.000000000000000021e-02 -1.000000000000000021e-02 0.000000000000000000e+00 5.000000000000000104e-03 5.000000000000000104e-03 1.573949579831932866e+01 1.573949579831932866e+01 4.000000000000000222e-01 2.000000000000000111e-01 0.000000000000000000e+00 2.000000000000000111e-01 4.000000000000000222e-01 6.862142249558561558e-01 6.863804286351705697e-01 6.834128604761104953e-01 6.943163792096064268e-01 6.997399102976693541e-01
-1.000000000000000021e-02 -1.000000000000000021e-02 0.000000000000000000e+00 5.000000000000000104e-03 5.000000000000000104e-03 1.590336134453781547e+01 1.590336134453781547e+01 4.000000000000000222e-01 2.000000000000000111e-01 0.000000000000000000e+00 2.000000000000000111e-01 4.000000000000000222e-01 6.865909182428426849e-01 6.882594939065168615e-01 6.842493794994075618e-01 6.943738596652923034e-01 7.010790742872210490e-01
-1.000000000000000021e-02 -1.000000000000000021e-02 0.000000000000000000e+00 5.000000000000000104e-03 5.000000000000000104e-03 1.606722689075630228e+01 1.606722689075630228e+01 4.000000000000000222e-01 2.000000000000000111e-01 0.000000000000000000e+00 2.000000000000000111e-01 4.000000000000000222e-01 6.885273720790909824e-01 6.894212101670965653e-01 6.849697954207067951e-01 6.957807071913851837e-01 7.020544223925007099e-01
-1.000000000000000021e-02 -1.000000000000000021e-02 0.000000000000000000e+00 5.000000000000000104e-03 5.000000000000000104e-03 1.623109243697479087e+01 1.623109243697479087e+01 4.000000000000000222e-01 2.000000000000000111e-01 0.000000000000000000e+00 2.000000000000000111e-01 4.000000000000000222e-01 6.894638323773087940e-01 6.902816368750378517e-01 6.859884593831364619e-01 6.972952773243861202e-01 7.023465820827839989e-01
-1.000000000000000021e-02 -1.000000000000000021e-02 0.000000000000000000e+00 5.000000000000000104e-03 5.000000000000000104e-03 1.639495798319327946e+01 1.639495798319327946e+01 4.000000000000000222e-01 2.000000000000000111e-01 0.000000000000000000e+00 2.000000000000000111e-01 4.000000000000000222e-01 6.902885814331750636e-01 6.905613244273365314e-01 6.869623827576381014e-01 6.970352461170133962e-01 7.033311101289193568e-01
-1.000000000000000021e-02 -1.000000000000000021e-02 0.000000000000000000e+00 5.000000000000000104e-03 5.000000000000000104e-03 1.655882352941176450e+01 1.655882352941176450e+01 4.000000000000000222e-01 2.000000000000000111e-01 0.000000000000000000e+00 2.000000000000000111e-01 4.000000000000000222e-01 6.919307595760993967e-01 6.925360821924252397e-01 6.865696415368643946e-01 6.980209575987937898e-01 7.035073140472114517e-01
-1.000000000000000021e-02 -1.000000000000000021e-02 0.000000000000000000e+00 5.000000000000000104e-03 5.000000000000000104e-03 1.672268907563025309e+01 1.672268907563025309e+01 4.000000000000000222e-01 2.000000000000000111e-01 0.000000000000000000e+00 2.000000000000000111e-01 4.000000000000000222e-01 6.927671499578841319e-01 6.935181215573448243e-01 6.878655499421469921e-01 6.991159109136126926e-01 7.045076423205686167e-01
-1.000000000000000021e-02 -1.000000000000000021e-02 0.000000000000000000e+00 5.000000000000000104e-03 5.000000000000000104e-03 1.688655462184873812e+01 1.688655462184873812e+01 4.000000000000000222e-01 2.000000000000000111e-01 0.000000000000000000e+00 2.000000000000000111e-01 4.000000000000000222e-01 6.937744849014234605e-01 6.926547828983616872e-01 6.883643109326063048e-01 6.998097075439557724e-01 7.059319685892838647e-01
-1.000000000000000021e-02 -1.000000000000000021e-02 0.000000000000000000e+00 5.000000000000000104e-03 5.000000000000000104e-03 1.705042016806722671e+01 1.705042016806722671e+01 4.000000000000000222e-01 2.000000000000000111e-01 0.000000000000000000e+00 2.000000000000000111e-01 4.000000000000000222e-01 6.936601939947673046e-01 6.952856784823950864e-01 6.895525294518478621e-01 7.005086123778115903e-01 7.061979708290698765e-01
-1.000000000000000021e-02 -1.000000000000000021e-02 0.000000000000000000e+00 5.000000000000000104e-03 5.000000000000000104e-03 1.721428571428571530e+01 1.721428571428571530e+01 4.000000000000000222e-01 2.000000000000000111e-01 0.000000000000000000e+00 2.000000000000000111e-01 4.000000000000000222e-01 6.953617669618890051e-01 6.954931695634903877e-01 6.901864311433193455e-01 7.020771567380416078e-01 7.060625249948480064e-01
-1.000000000000000021e-02 -1.000000000000000021e-02 0.000000000000000000e+00 5.000000000000000104e-03 5.000000000000000104e-03 1.737815126050420034e+01 1.737815126050420034e+01 4.000000000000000222e-01 2.000000000000000111e-01 0.000000000000000000e+00 2.000000000000000111e-01 4.000000000000000222e-01 6.966234513786498939e-01 6.969059927729833737e-01 6.912279625501285274e-01 7.022999140454154743e-01 7.082169168003842330e-01
-1.000000000000000021e-02 -1.000000000000000021e-02 0.000000000000000000e+00 5.000000000000000104e-03 5.000000000000000104e-03 1.754201680672268893e+01 1.754201680672268893e+01 4.000000000000000222e-01 2.000000000000000111e-01 0.000000000000000000e+00 2.000000000000000111e-01 4.000000000000000222e-01 6.965615331944901012e-01 6.974832655411645765e-01 6.921129365505511721e-01 7.026487203275313398e-01 7.078607519739600340e-01
-1.000000000000000021e-02 -1.000000000000000021e-02 0.000000000000000000e+00 5.000000000000000104e-03 5.000000000000000104e-03 1.770588235294117752e+01 1.770588235294117752e+01 4.000000000000000222e-01 2.000000000000000111e-01 0.000000000000000000e+00 2.000000000000000111e-01 4.000000000000000222e-01 6.980079128981133696e-01 6.978153342409485482e-01 6.923141141570905432e-01 7.036315473206646853e-01 7.083545704614845340e-01
-1.000000000000000021e-02 -1.000000000000000021e-02 0.000000000000000000e+00 5.000000000000000104e-03 5.000000000000000104e-03 1.786974789915966255e+01 1.786974789915966255e+01 4.000000000000000222e-01 2.000000000000000111e-01 0.000000000000000000e+00 2.000000000000000111e-01 4.000000000000000222e-01 6.986604518584256240e-01 6.995569371673030501e-01 6.929264854428460740e-01 7.046523103899702267e-01 7.099078759613426381e-01
-1.000000000000000021e-02 -1.000000000000000021e-02 0.000000000000000000e+00 5.000000000000000104e-03 5.000000000000000104e-03 1.803361344537815114e+01 1.803361344537815114e+01 4.000000000000000222e-01 2.000000000000000111e-01 0.000000000000000000e+00 2.000000000000000111e-01 4.000000000000000222e-01 6.992454511973063003e-01 6.998922953438925232e-01 6.935401302534499601e-01 7.056505628074580816e-01 7.105436901910541225e-01
-1.000000000000000021e-02 -1.000000000000000021e-02 0.000000000000000000e+00 5.000000000000000104e-03 5.000000000000000104e-03 1.819747899159663973e+01 1.819747899159663973e+01 4.000000000000000222e-01 2.000000000000000111e-01 0.000000000000000000e+00 2.000000000000000111e-01 4.000000000000000222e-01 7.008467159532482116e-01 7.010606731796715785e-01 6.944514454584401753e-01 7.063945813964350728e-01 7.112300597643956834e-01
-1.000000000000000021e-02 -1.000000000000000021e-02 0.000000000000000000e+00 5.000000000000000104e-03 5.000000000000000104e-03 1.836134453781512477e+01 1.836134453781512477e+01 4.000000000000000222e-01 2.000000000000000111e-01 0.000000000000000000e+00 2.000000000000000111e-01 4.000000000000000222e-01 7.015931264025900838e-01 7.011948405147579999e-01 6.950786370371851985e-01 7.063804824178847586e-01 7.115499898433262915e-01
-1.000000000000000021e-02 -1.000000000000000021e-02 0.000000000000000000e+00 5.000000000000000104e-03 5.000000000000000104e-03 1.852521008403361336e+01 1.852521008403361336e+01 4.000000000000000222e-01 2.000000000000000111e-01 0.000000000000000000e+00 2.000000000000000111e-01 4.000000000000000222e-01 7.022052237689616616e-01 7.030828200890422153e-01 6.949631206467177247e-01 7.076388491726045560e-01 7.125474480607872918e-01
-1.000000000000000021e-02 -1.000000000000000021e-02 0.000000000000000000e+00 5.000000000000000104e-03 5.000000000000000104e-03 1.868907563025210194e+01 1.868907563025210194e+01 4.000000000000000222e-01 2.000000000000000111e-01 0.000000000000000000e+00 2.000000000000000111e-01 4.000000000000000222e-01 7.036446685082764496e-01 7.022894265138649450e-01 6.958438411230657428e-01 7.077785815784344292e-01 7.130587276973150423e-01
-1.000000000000000021e-02 -1.000000000000000021e-02 0.000000000000000000e+00 5.000000000000000104e-03 5.000000000000000104e-03 1.885294117647058698e+01 1.885294117647058698e+01 4.000000000000000222e-01 2.000000000000000111e-01 0.000000000000000000e+00 2.000000000000000111e-01 4.000000000000000222e-01 7.047543347341980180e-01 7.036957721231258400e-01 6.973090628476168451e-01 7.087874562803971878e-01 7.132783004533180815e-01
-1.000000000000000021e-02 -1.000000000000000021e-02 0.000000000000000000e+00 5.000000000000000104e-03 5.000000000000000104e-03 1.901680672268907557e+01 1.901680672268907557e+01 4.000000000000000222e-01 2.000000000000000111e-01 0.000000000000000000e+00 2.000000000000000111e-01 4.000000000000000222e-01 7.057430740119927659e-01 7.055043806199914336e-01 6.973096445649413777e-01 7.093154111335806533e-01 7.149221342220029030e-01
-1.000000000000000021e-02 -1.000000000000000021e-02 0.000000000000000000e+00 5.000000000000000104e-03 5.000000000000000104e-03 1.918067226890756416e+01 1.918067226890756416e+01 4.000000000000000222e-01 2.000000000000000111e-01 0.000000000000000000e+00 2.000000000000000111e-01 4.000000000000000222e-01 7.051586601247715747e-01 7.058740096436056932e-01 6.975477349323978560e-01 7.101913586172333703e-01 7.151281275728353926e-01
-1.000000000000000021e-02 -1.000000000000000021e-02 0.000000000000000000e+00 5.000000000000000104e-03 5.000000000000000104e-03 1.934453781512604920e+01 1.934453781512604920e+01 4.000000000000000222e-01 2.000000000000000111e-01 0.000000000000000000e+00 2.000000000000000111e-01 4.000000000000000222e-01 7.066474593512993563e-01 7.069614996866575574e-01 6.989157523405148398e-01 7.114804860937931075e-01 7.156559400996649334e-01
-1.000000000000000021e-02 -1.000000000000000021e-02 0.000000000000000000e+00 5.000000000000000104e-03 5.000000000000000104e-03 1.950840336134453779e+01 1.950840336134453779e+01 4.000000000000000222e-01 2.000000000000000111e-01 0.000000000000000000e+00 2.000000000000000111e-01 4.000000000000000222e-01 7.073528421618868745e-01 7.073149119199207968e-01 6.986101538464744021e-01 7.116468393548810445e-01 7.157944166651409867e-01
-1.000000000000000021e-02 -1.000000000000000021e-02 0.000000000000000000e+00 5.000000000000000104e-03 5.000000000000000104e-03 1.967226890756302637e+01 1.967226890756302637e+01 4.000000000000000222e-01 2.000000000000000111e-01 0.000000000000000000e+00 2.000000000000000111e-01 4.000000000000000222e-01 7.086794311620741027e-01 7.086352056213602868e-01 6.995173634615534652e-01 7.121062948182944607e-01 7.168822434973353142e-01
-1.000000000000000021e-02 -1.000000000000000021e-02 0.000000000000000000e+00 5.000000000000000104e-03 5.000000000000000104e-03 1.983613445378151141e+01 1.983613445378151141e+01 4.000000000000000222e-01 2.000000000000000111e-01 0.000000000000000000e+00 2.000000000000000111e-01 4.000000000000000222e-01 7.089806617695166846e-01 7.087830222157883719e-01 7.001933893637869444e-01 7.127893222351107116e-01 7.173939983268170506e-01
-1.000000000000000021e-02 -1.000000000000000021e-02 0.000000000000000000e+00 5.000000000000000104e-03 5.000000000000000104e-03 2.000000000000000000e+01 2.000000000000000000e+01 4.000000000000000222e-01 2.000000000000000111e-01 0.000000000000000000e+00 2.000000000000000111e-01 4.000000000000000222e-01 7.095755888561123825e-01 7.092412837846122642e-01 7.008369012180534208e-01 7.139220275193891574e-01 7.176513355698834751e-01
