-1.000000000000000056e-01 1.000000000000000000e+00 2.000000000000000000e+00 5.000000000000000000e+00 1.000000000000000000e+01 2.000000000000000000e+01 4.000000000000000000e+01 1.000000000000000000e+00 2.000000000000000000e+00 5.000000000000000000e+00 1.000000000000000000e+01 2.000000000000000000e+01 4.000000000000000000e+01 1.000000000000000000e+00 4.469965076091794165e-01 4.581271658766544741e-01 5.626559769341615835e-01 6.409087979931054058e-01 6.982243139134630683e-01 7.373606664341239014e-01
-9.800000000000000377e-02 1.000000000000000000e+00 2.000000000000000000e+00 5.000000000000000000e+00 1.000000000000000000e+01 2.000000000000000000e+01 4.000000000000000000e+01 1.000000000000000000e+00 2.000000000000000000e+00 5.000000000000000000e+00 1.000000000000000000e+01 2.000000000000000000e+01 4.000000000000000000e+01 1.000000000000000000e+00 4.469877856859242327e-01 4.581277055945127130e-01 5.625985387031736673e-01 6.408819636995189972e-01 6.982157418478771582e-01 7.373546179776485632e-01
-9.600000000000000200e-02 1.000000000000000000e+00 2.000000000000000000e+00 5.000000000000000000e+00 1.000000000000000000e+01 2.000000000000000000e+01 4.000000000000000000e+01 1.000000000000000000e+00 2.000000000000000000e+00 5.000000000000000000e+00 1.000000000000000000e+01 2.000000000000000000e+01 4.000000000000000000e+01 1.000000000000000000e+00 4.469708916524222087e-01 4.581227575810614128e-01 5.625546651469539583e-01 6.408546743555181280e-01 6.982123844099809018e-01 7.373607346398044493e-01
-9.400000000000000022e-02 1.000000000000000000e+00 2.000000000000000000e+00 5.000000000000000000e+00 1.000000000000000000e+01 2.000000000000000000e+01 4.000000000000000000e+01 1.000000000000000000e+00 2.000000000000000000e+00 5.000000000000000000e+00 1.000000000000000000e+01 2.000000000000000000e+01 4.000000000000000000e+01 1.000000000000000000e+00 4.469477766600717383e-01 4.581154264347236937e-01 5.624479532293312767e-01 6.406188127803041921e-01 6.981595962342489470e-01 7.373006860262968365e-01
-9.199999999999999845e-02 1.000000000000000000e+00 2.000000000000000000e+00 5.000000000000000000e+00 1.000000000000000000e+01 2.000000000000000000e+01 4.000000000000000000e+01 1.000000000000000000e+00 2.000000000000000000e+00 5.000000000000000000e+00 1.000000000000000000e+01 2.000000000000000000e+01 4.000000000000000000e+01 1.000000000000000000e+00 4.468132641143675032e-01 4.580278777822958669e-01 5.624188516565508111e-01 6.405960337574175822e-01 6.981115162614589531e-01 7.373119296956417434e-01
-9.000000000000001055e-02 1.000000000000000000e+00 2.000000000000000000e+00 5.000000000000000000e+00 1.000000000000000000e+01 2.000000000000000000e+01 4.000000000000000000e+01 1.000000000000000000e+00 2.000000000000000000e+00 5.000000000000000000e+00 1.000000000000000000e+01 2.000000000000000000e+01 4.000000000000000000e+01 1.000000000000000000e+00 4.467630332444263441e-01 4.579894772508046330e-01 5.623913538295660652e-01 6.405799801082006084e-01 6.980799129209895870e-01 7.373347171437164560e-01
-8.800000000000000877e-02 1.000000000000000000e+00 2.000000000000000000e+00 5.000000000000000000e+00 1.000000000000000000e+01 2.000000000000000000e+01 4.000000000000000000e+01 1.000000000000000000e+00 2.000000000000000000e+00 5.000000000000000000e+00 1.000000000000000000e+01 2.000000000000000000e+01 4.000000000000000000e+01 1.000000000000000000e+00 4.467105307228853017e-01 4.579540305979585280e-01 5.623707752716253783e-01 6.405781537795691705e-01 6.982303068473700858e-01 7.373615794332788465e-01
-8.600000000000000699e-02 1.000000000000000000e+00 2.000000000000000000e+00 5.000000000000000000e+00 1.000000000000000000e+01 2.000000000000000000e+01 4.000000000000000000e+01 1.000000000000000000e+00 2.000000000000000000e+00 5.000000000000000000e+00 1.000000000000000000e+01 2.000000000000000000e+01 4.000000000000000000e+01 1.000000000000000000e+00 4.468817576159095362e-01 4.569780566015366197e-01 5.622683297581388961e-01 6.412972908378032910e-01 6.981951934419419192e-01 7.374153700408599965e-01
-8.400000000000000522e-02 1.000000000000000000e+00 2.000000000000000000e+00 5.000000000000000000e+00 1.000000000000000000e+01 2.000000000000000000e+01 4.000000000000000000e+01 1.000000000000000000e+00 2.000000000000000000e+00 5.000000000000000000e+00 1.000000000000000000e+01 2.000000000000000000e+01 4.000000000000000000e+01 1.000000000000000000e+00 4.468322276728890485e-01 4.569124074185511031e-01 5.622199733086299389e-01 6.412470609869035387e-01 6.981594312113069689e-01 7.374801892632464329e-01
-8.200000000000000344e-02 1.000000000000000000e+00 2.000000000000000000e+00 5.000000000000000000e+00 1.000000000000000000e+01 2.000000000000000000e+01 4.000000000000000000e+01 1.000000000000000000e+00 2.000000000000000000e+00 5.000000000000000000e+00 1.000000000000000000e+01 2.000000000000000000e+01 4.000000000000000000e+01 1.000000000000000000e+00 4.467768409529718210e-01 4.568502703201065551e-01 5.621880942932835357e-01 6.412000546796431388e-01 6.981380724555329431e-01 7.375587877063256581e-01
-8.000000000000000167e-02 1.000000000000000000e+00 2.000000000000000000e+00 5.000000000000000000e+00 1.000000000000000000e+01 2.000000000000000000e+01 4.000000000000000000e+01 1.000000000000000000e+00 2.000000000000000000e+00 5.000000000000000000e+00 1.000000000000000000e+01 2.000000000000000000e+01 4.000000000000000000e+01 1.000000000000000000e+00 4.461461070446188226e-01 4.572614968463669105e-01 5.627716568285352494e-01 6.417374892618477045e-01 6.988857675878065168e-01 7.374237714367183338e-01
-7.800000000000001377e-02 1.000000000000000000e+00 2.000000000000000000e+00 5.000000000000000000e+00 1.000000000000000000e+01 2.000000000000000000e+01 4.000000000000000000e+01 1.000000000000000000e+00 2.000000000000000000e+00 5.000000000000000000e+00 1.000000000000000000e+01 2.000000000000000000e+01 4.000000000000000000e+01 1.000000000000000000e+00 4.460854375978378639e-01 4.572154350860294647e-01 5.626997641941541284e-01 6.417059401233081717e-01 6.988860860559102939e-01 7.375643857351680266e-01
-7.600000000000001199e-02 1.000000000000000000e+00 2.000000000000000000e+00 5.000000000000000000e+00 1.000000000000000000e+01 2.000000000000000000e+01 4.000000000000000000e+01 1.000000000000000000e+00 2.000000000000000000e+00 5.000000000000000000e+00 1.000000000000000000e+01 2.000000000000000000e+01 4.000000000000000000e+01 1.000000000000000000e+00 4.460327580779642753e-01 4.571620346281229930e-01 5.626300008872041625e-01 6.416770610899095173e-01 6.988956148139682245e-01 7.377258178675392131e-01
-7.400000000000001021e-02 1.000000000000000000e+00 2.000000000000000000e+00 5.000000000000000000e+00 1.000000000000000000e+01 2.000000000000000000e+01 4.000000000000000000e+01 1.000000000000000000e+00 2.000000000000000000e+00 5.000000000000000000e+00 1.000000000000000000e+01 2.000000000000000000e+01 4.000000000000000000e+01 1.000000000000000000e+00 4.459902034960776529e-01 4.570975422403195099e-01 5.623694206675335927e-01 6.413528271188621011e-01 6.987043969304814750e-01 7.380139339115334707e-01
-7.200000000000000844e-02 1.000000000000000000e+00 2.000000000000000000e+00 5.000000000000000000e+00 1.000000000000000000e+01 2.000000000000000000e+01 4.000000000000000000e+01 1.000000000000000000e+00 2.000000000000000000e+00 5.000000000000000000e+00 1.000000000000000000e+01 2.000000000000000000e+01 4.000000000000000000e+01 1.000000000000000000e+00 4.467478901197590169e-01 4.561298599161467959e-01 5.622808548993053490e-01 6.413093442804214117e-01 6.987131590711295193e-01 7.382393564757229187e-01
-7.000000000000000666e-02 1.000000000000000000e+00 2.000000000000000000e+00 5.000000000000000000e+00 1.000000000000000000e+01 2.000000000000000000e+01 4.000000000000000000e+01 1.000000000000000000e+00 2.000000000000000000e+00 5.000000000000000000e+00 1.000000000000000000e+01 2.000000000000000000e+01 4.000000000000000000e+01 1.000000000000000000e+00 4.466974383920407354e-01 4.560475741668759686e-01 5.621662007074819112e-01 6.412476212881392801e-01 6.987261187632020087e-01 7.384792613907099623e-01
-6.800000000000000488e-02 1.000000000000000000e+00 2.000000000000000000e+00 5.000000000000000000e+00 1.000000000000000000e+01 2.000000000000000000e+01 4.000000000000000000e+01 1.000000000000000000e+00 2.000000000000000000e+00 5.000000000000000000e+00 1.000000000000000000e+01 2.000000000000000000e+01 4.000000000000000000e+01 1.000000000000000000e+00 4.466658369902444803e-01 4.559473357603066601e-01 5.620368880213660878e-01 6.411704231674266730e-01 6.987032789652073417e-01 7.387028262725369165e-01
-6.600000000000000311e-02 1.000000000000000000e+00 2.000000000000000000e+00 5.000000000000000000e+00 1.000000000000000000e+01 2.000000000000000000e+01 4.000000000000000000e+01 1.000000000000000000e+00 2.000000000000000000e+00 5.000000000000000000e+00 1.000000000000000000e+01 2.000000000000000000e+01 4.000000000000000000e+01 1.000000000000000000e+00 4.463366268318948449e-01 4.565700316980154660e-01 5.616434429472365597e-01 6.408849166149372945e-01 6.987257809371777428e-01 7.390123903674244987e-01
-6.400000000000000133e-02 1.000000000000000000e+00 2.000000000000000000e+00 5.000000000000000000e+00 1.000000000000000000e+01 2.000000000000000000e+01 4.000000000000000000e+01 1.000000000000000000e+00 2.000000000000000000e+00 5.000000000000000000e+00 1.000000000000000000e+01 2.000000000000000000e+01 4.000000000000000000e+01 1.000000000000000000e+00 4.463440325456524138e-01 4.564775957192580003e-01 5.614990828455227456e-01 6.407505136518104605e-01 6.987425098338307938e-01 7.393445192798226984e-01
-6.200000000000000649e-02 1.000000000000000000e+00 2.000000000000000000e+00 5.000000000000000000e+00 1.000000000000000000e+01 2.000000000000000000e+01 4.000000000000000000e+01 1.000000000000000000e+00 2.000000000000000000e+00 5.000000000000000000e+00 1.000000000000000000e+01 2.000000000000000000e+01 4.000000000000000000e+01 1.000000000000000000e+00 4.463743444914853864e-01 4.564029237010300832e-01 5.613360998762736420e-01 6.405804728215717114e-01 6.987484702531366887e-01 7.396900496860012719e-01
-6.000000000000000472e-02 1.000000000000000000e+00 2.000000000000000000e+00 5.000000000000000000e+00 1.000000000000000000e+01 2.000000000000000000e+01 4.000000000000000000e+01 1.000000000000000000e+00 2.000000000000000000e+00 5.000000000000000000e+00 1.000000000000000000e+01 2.000000000000000000e+01 4.000000000000000000e+01 1.000000000000000000e+00 4.466862124094038156e-01 4.561672138564336065e-01 5.612148306601484338e-01 6.403842975151233796e-01 6.986169783091146224e-01 7.399621503414310908e-01
-5.800000000000000294e-02 1.000000000000000000e+00 2.000000000000000000e+00 5.000000000000000000e+00 1.000000000000000000e+01 2.000000000000000000e+01 4.000000000000000000e+01 1.000000000000000000e+00 2.000000000000000000e+00 5.000000000000000000e+00 1.000000000000000000e+01 2.000000000000000000e+01 4.000000000000000000e+01 1.000000000000000000e+00 4.467640530873742133e-01 4.561910200876496679e-01 5.610185635792293013e-01 6.401763453805220383e-01 6.986111569927309084e-01 7.403625795717443392e-01
-5.600000000000000810e-02 1.000000000000000000e+00 2.000000000000000000e+00 5.000000000000000000e+00 1.000000000000000000e+01 2.000000000000000000e+01 4.000000000000000000e+01 1.000000000000000000e+00 2.000000000000000000e+00 5.000000000000000000e+00 1.000000000000000000e+01 2.000000000000000000e+01 4.000000000000000000e+01 1.000000000000000000e+00 4.468703192382634248e-01 4.562713294743951375e-01 5.609070775409384924e-01 6.400086236709716658e-01 6.986302573534854954e-01 7.407840897454469609e-01
-5.400000000000000633e-02 1.000000000000000000e+00 2.000000000000000000e+00 5.000000000000000000e+00 1.000000000000000000e+01 2.000000000000000000e+01 4.000000000000000000e+01 1.000000000000000000e+00 2.000000000000000000e+00 5.000000000000000000e+00 1.000000000000000000e+01 2.000000000000000000e+01 4.000000000000000000e+01 1.000000000000000000e+00 4.470157805268265561e-01 4.564408297700160988e-01 5.608607486187471292e-01 6.398855613334614167e-01 6.986319043950250940e-01 7.411084598676158652e-01
-5.200000000000000455e-02 1.000000000000000000e+00 2.000000000000000000e+00 5.000000000000000000e+00 1.000000000000000000e+01 2.000000000000000000e+01 4.000000000000000000e+01 1.000000000000000000e+00 2.000000000000000000e+00 5.000000000000000000e+00 1.000000000000000000e+01 2.000000000000000000e+01 4.000000000000000000e+01 1.000000000000000000e+00 4.464197319448044432e-01 4.575635412650022049e-01 5.609861267838827104e-01 6.398889911944616316e-01 6.987619275803836905e-01 7.415701294836763990e-01
-5.000000000000000278e-02 1.000000000000000000e+00 2.000000000000000000e+00 5.000000000000000000e+00 1.000000000000000000e+01 2.000000000000000000e+01 4.000000000000000000e+01 1.000000000000000000e+00 2.000000000000000000e+00 5.000000000000000000e+00 1.000000000000000000e+01 2.000000000000000000e+01 4.000000000000000000e+01 1.000000000000000000e+00 4.466361810785621778e-01 4.579390649493675358e-01 5.612632630031492154e-01 6.399856285003882039e-01 6.989346943642320564e-01 7.420435251434134294e-01
-4.800000000000000100e-02 1.000000000000000000e+00 2.000000000000000000e+00 5.000000000000000000e+00 1.000000000000000000e+01 2.000000000000000000e+01 4.000000000000000000e+01 1.000000000000000000e+00 2.000000000000000000e+00 5.000000000000000000e+00 1.000000000000000000e+01 2.000000000000000000e+01 4.000000000000000000e+01 1.000000000000000000e+00 4.468992504307794933e-01 4.584344086784144512e-01 5.623506812176223280e-01 6.406119947383511759e-01 6.991964458372608160e-01 7.426376677058473819e-01
-4.600000000000000616e-02 1.000000000000000000e+00 2.000000000000000000e+00 5.000000000000000000e+00 1.000000000000000000e+01 2.000000000000000000e+01 4.000000000000000000e+01 1.000000000000000000e+00 2.000000000000000000e+00 5.000000000000000000e+00 1.000000000000000000e+01 2.000000000000000000e+01 4.000000000000000000e+01 1.000000000000000000e+00 4.477007697226650373e-01 4.588767661427572420e-01 5.627140486756790905e-01 6.411722593020414696e-01 6.994657844731432261e-01 7.431284139144369583e-01
-4.400000000000000439e-02 1.000000000000000000e+00 2.000000000000000000e+00 5.000000000000000000e+00 1.000000000000000000e+01 2.000000000000000000e+01 4.000000000000000000e+01 1.000000000000000000e+00 2.000000000000000000e+00 5.000000000000000000e+00 1.000000000000000000e+01 2.000000000000000000e+01 4.000000000000000000e+01 1.000000000000000000e+00 4.479199175949058476e-01 4.595240056669954165e-01 5.635245422287612493e-01 6.416237222174403509e-01 6.997854745103354590e-01 7.436258741637082892e-01
-4.200000000000000261e-02 1.000000000000000000e+00 2.000000000000000000e+00 5.000000000000000000e+00 1.000000000000000000e+01 2.000000000000000000e+01 4.000000000000000000e+01 1.000000000000000000e+00 2.000000000000000000e+00 5.000000000000000000e+00 1.000000000000000000e+01 2.000000000000000000e+01 4.000000000000000000e+01 1.000000000000000000e+00 4.477323708691527959e-01 4.600335314077467208e-01 5.645025167859852866e-01 6.422139795391779149e-01 7.004642942817014273e-01 7.444410619526883321e-01
-4.000000000000000777e-02 1.000000000000000000e+00 2.000000000000000000e+00 5.000000000000000000e+00 1.000000000000000000e+01 2.000000000000000000e+01 4.000000000000000000e+01 1.000000000000000000e+00 2.000000000000000000e+00 5.000000000000000000e+00 1.000000000000000000e+01 2.000000000000000000e+01 4.000000000000000000e+01 1.000000000000000000e+00 4.467219431602311719e-01 4.597620057227517210e-01 5.649853518457915724e-01 6.420099903285868548e-01 7.008704915522655510e-01 7.449115706936851877e-01
-3.800000000000000600e-02 1.000000000000000000e+00 2.000000000000000000e+00 5.000000000000000000e+00 1.000000000000000000e+01 2.000000000000000000e+01 4.000000000000000000e+01 1.000000000000000000e+00 2.000000000000000000e+00 5.000000000000000000e+00 1.000000000000000000e+01 2.000000000000000000e+01 4.000000000000000000e+01 1.000000000000000000e+00 4.457584731342653650e-01 4.598642963849195464e-01 5.659470139214490825e-01 6.427195665916859424e-01 7.012591015833216090e-01 7.453835710391111258e-01
-3.600000000000000422e-02 1.000000000000000000e+00 2.000000000000000000e+00 5.000000000000000000e+00 1.000000000000000000e+01 2.000000000000000000e+01 4.000000000000000000e+01 1.000000000000000000e+00 2.000000000000000000e+00 5.000000000000000000e+00 1.000000000000000000e+01 2.000000000000000000e+01 4.000000000000000000e+01 1.000000000000000000e+00 4.442839603612885879e-01 4.594280185142738393e-01 5.665456726198193627e-01 6.432898651734776374e-01 7.016143606974243330e-01 7.458333512130745913e-01
-3.400000000000000244e-02 1.000000000000000000e+00 2.000000000000000000e+00 5.000000000000000000e+00 1.000000000000000000e+01 2.000000000000000000e+01 4.000000000000000000e+01 1.000000000000000000e+00 2.000000000000000000e+00 5.000000000000000000e+00 1.000000000000000000e+01 2.000000000000000000e+01 4.000000000000000000e+01 1.000000000000000000e+00 4.423678512643408056e-01 4.588835641749556271e-01 5.671024902099573994e-01 6.437073039016437681e-01 7.016141297708853308e-01 7.461837240321921305e-01
-3.200000000000000067e-02 1.000000000000000000e+00 2.000000000000000000e+00 5.000000000000000000e+00 1.000000000000000000e+01 2.000000000000000000e+01 4.000000000000000000e+01 1.000000000000000000e+00 2.000000000000000000e+00 5.000000000000000000e+00 1.000000000000000000e+01 2.000000000000000000e+01 4.000000000000000000e+01 1.000000000000000000e+00 4.403545432365769674e-01 4.565467326863253406e-01 5.663723099506909886e-01 6.435761478067207886e-01 7.017367988076808061e-01 7.465706748148078775e-01
-2.999999999999999889e-02 1.000000000000000000e+00 2.000000000000000000e+00 5.000000000000000000e+00 1.000000000000000000e+01 2.000000000000000000e+01 4.000000000000000000e+01 1.000000000000000000e+00 2.000000000000000000e+00 5.000000000000000000e+00 1.000000000000000000e+01 2.000000000000000000e+01 4.000000000000000000e+01 1.000000000000000000e+00 4.373870210739145281e-01 4.537528639891272864e-01 5.647971754943168499e-01 6.430288650297772968e-01 7.017642348599547608e-01 7.469383979148442876e-01
-2.799999999999999711e-02 1.000000000000000000e+00 2.000000000000000000e+00 5.000000000000000000e+00 1.000000000000000000e+01 2.000000000000000000e+01 4.000000000000000000e+01 1.000000000000000000e+00 2.000000000000000000e+00 5.000000000000000000e+00 1.000000000000000000e+01 2.000000000000000000e+01 4.000000000000000000e+01 1.000000000000000000e+00 4.339299658227466217e-01 4.500909632670312965e-01 5.628323600073724675e-01 6.423314081611579685e-01 7.016193589757048210e-01 7.472732882175235902e-01
-2.600000000000000921e-02 1.000000000000000000e+00 2.000000000000000000e+00 5.000000000000000000e+00 1.000000000000000000e+01 2.000000000000000000e+01 4.000000000000000000e+01 1.000000000000000000e+00 2.000000000000000000e+00 5.000000000000000000e+00 1.000000000000000000e+01 2.000000000000000000e+01 4.000000000000000000e+01 1.000000000000000000e+00 4.291403911455531905e-01 4.450357691786316350e-01 5.586961238846237521e-01 6.407366368071886198e-01 7.014238259007425924e-01 7.476179535463315373e-01
-2.400000000000000744e-02 1.000000000000000000e+00 2.000000000000000000e+00 5.000000000000000000e+00 1.000000000000000000e+01 2.000000000000000000e+01 4.000000000000000000e+01 1.000000000000000000e+00 2.000000000000000000e+00 5.000000000000000000e+00 1.000000000000000000e+01 2.000000000000000000e+01 4.000000000000000000e+01 1.000000000000000000e+00 4.248010217629352159e-01 4.396083099495671220e-01 5.541773872719041316e-01 6.385769928542642804e-01 7.010943837368734943e-01 7.479453529450805771e-01
-2.200000000000000566e-02 1.000000000000000000e+00 2.000000000000000000e+00 5.000000000000000000e+00 1.000000000000000000e+01 2.000000000000000000e+01 4.000000000000000000e+01 1.000000000000000000e+00 2.000000000000000000e+00 5.000000000000000000e+00 1.000000000000000000e+01 2.000000000000000000e+01 4.000000000000000000e+01 1.000000000000000000e+00 4.202209357679963508e-01 4.335163785430137251e-01 5.487963211329746072e-01 6.358273537856466984e-01 7.006465265708968770e-01 7.480308591965479925e-01
-2.000000000000000389e-02 1.000000000000000000e+00 2.000000000000000000e+00 5.000000000000000000e+00 1.000000000000000000e+01 2.000000000000000000e+01 4.000000000000000000e+01 1.000000000000000000e+00 2.000000000000000000e+00 5.000000000000000000e+00 1.000000000000000000e+01 2.000000000000000000e+01 4.000000000000000000e+01 1.000000000000000000e+00 4.164462231236382705e-01 4.281316107854613584e-01 5.430782538488218014e-01 6.334632038407834731e-01 7.011468103244234973e-01 7.486224079597895154e-01
-1.800000000000000211e-02 1.000000000000000000e+00 2.000000000000000000e+00 5.000000000000000000e+00 1.000000000000000000e+01 2.000000000000000000e+01 4.000000000000000000e+01 1.000000000000000000e+00 2.000000000000000000e+00 5.000000000000000000e+00 1.000000000000000000e+01 2.000000000000000000e+01 4.000000000000000000e+01 1.000000000000000000e+00 4.118047031430804306e-01 4.216712433502030066e-01 5.376121878222749340e-01 6.311878254480317585e-01 7.010765220926997721e-01 7.489332582678038808e-01
-1.600000000000000033e-02 1.000000000000000000e+00 2.000000000000000000e+00 5.000000000000000000e+00 1.000000000000000000e+01 2.000000000000000000e+01 4.000000000000000000e+01 1.000000000000000000e+00 2.000000000000000000e+00 5.000000000000000000e+00 1.000000000000000000e+01 2.000000000000000000e+01 4.000000000000000000e+01 1.000000000000000000e+00 4.072377069013742856e-01 4.153895926464374333e-01 5.325749280246825368e-01 6.293041389877715996e-01 7.011865752788412065e-01 7.492398251996597036e-01
-1.399999999999999856e-02 1.000000000000000000e+00 2.000000000000000000e+00 5.000000000000000000e+00 1.000000000000000000e+01 2.000000000000000000e+01 4.000000000000000000e+01 1.000000000000000000e+00 2.000000000000000000e+00 5.000000000000000000e+00 1.000000000000000000e+01 2.000000000000000000e+01 4.000000000000000000e+01 1.000000000000000000e+00 4.034576302864691377e-01 4.089426659824306753e-01 5.284429713440876863e-01 6.280641247322006349e-01 7.011680608125052672e-01 7.494478025886477379e-01
-1.200000000000001066e-02 1.000000000000000000e+00 2.000000000000000000e+00 5.000000000000000000e+00 1.000000000000000000e+01 2.000000000000000000e+01 4.000000000000000000e+01 1.000000000000000000e+00 2.000000000000000000e+00 5.000000000000000000e+00 1.000000000000000000e+01 2.000000000000000000e+01 4.000000000000000000e+01 1.000000000000000000e+00 4.007053528516544283e-01 4.047439753828343534e-01 5.247313211171126257e-01 6.271670358812100332e-01 7.016604924878916405e-01 7.497311886508845058e-01
-1.000000000000000888e-02 1.000000000000000000e+00 2.000000000000000000e+00 5.000000000000000000e+00 1.000000000000000000e+01 2.000000000000000000e+01 4.000000000000000000e+01 1.000000000000000000e+00 2.000000000000000000e+00 5.000000000000000000e+00 1.000000000000000000e+01 2.000000000000000000e+01 4.000000000000000000e+01 1.000000000000000000e+00 4.004793698236719379e-01 4.014279406130037420e-01 5.221073365723888360e-01 6.269580923360482672e-01 7.023610470405168282e-01 7.499942795136922413e-01
-8.000000000000007105e-03 1.000000000000000000e+00 2.000000000000000000e+00 5.000000000000000000e+00 1.000000000000000000e+01 2.000000000000000000e+01 4.000000000000000000e+01 1.000000000000000000e+00 2.000000000000000000e+00 5.000000000000000000e+00 1.000000000000000000e+01 2.000000000000000000e+01 4.000000000000000000e+01 1.000000000000000000e+00 4.038168465446032029e-01 4.007277572226241036e-01 5.208980575788062506e-01 6.270265836004976778e-01 7.032933952137641054e-01 7.502475077192377606e-01
-6.000000000000005329e-03 1.000000000000000000e+00 2.000000000000000000e+00 5.000000000000000000e+00 1.000000000000000000e+01 2.000000000000000000e+01 4.000000000000000000e+01 1.000000000000000000e+00 2.000000000000000000e+00 5.000000000000000000e+00 1.000000000000000000e+01 2.000000000000000000e+01 4.000000000000000000e+01 1.000000000000000000e+00 4.109332132579700536e-01 4.043182956125516703e-01 5.226551819279755540e-01 6.294670231738140886e-01 7.045181483253395438e-01 7.504569749776630605e-01
-4.000000000000003553e-03 1.000000000000000000e+00 2.000000000000000000e+00 5.000000000000000000e+00 1.000000000000000000e+01 2.000000000000000000e+01 4.000000000000000000e+01 1.000000000000000000e+00 2.000000000000000000e+00 5.000000000000000000e+00 1.000000000000000000e+01 2.000000000000000000e+01 4.000000000000000000e+01 1.000000000000000000e+00 4.320828328710329402e-01 4.249804113806337491e-01 5.342418142852014551e-01 6.344949986268151321e-01 7.059972576582719261e-01 7.506363412534877710e-01
-2.000000000000001776e-03 1.000000000000000000e+00 2.000000000000000000e+00 5.000000000000000000e+00 1.000000000000000000e+01 2.000000000000000000e+01 4.000000000000000000e+01 1.000000000000000000e+00 2.000000000000000000e+00 5.000000000000000000e+00 1.000000000000000000e+01 2.000000000000000000e+01 4.000000000000000000e+01 1.000000000000000000e+00 4.571235488086937138e-01 4.560759052309454331e-01 5.526809646335186788e-01 6.419163816373307796e-01 7.079766136574413560e-01 7.507707082360230988e-01
0.000000000000000000e+00 1.000000000000000000e+00 2.000000000000000000e+00 5.000000000000000000e+00 1.000000000000000000e+01 2.000000000000000000e+01 4.000000000000000000e+01 1.000000000000000000e+00 2.000000000000000000e+00 5.000000000000000000e+00 1.000000000000000000e+01 2.000000000000000000e+01 4.000000000000000000e+01 1.000000000000000000e+00 4.822360614776808885e-01 4.923146003983414620e-01 5.770111551704857344e-01 6.503490383223883287e-01 7.091246341169056278e-01 7.509424643038581371e-01
2.000000000000001776e-03 1.000000000000000000e+00 2.000000000000000000e+00 5.000000000000000000e+00 1.000000000000000000e+01 2.000000000000000000e+01 4.000000000000000000e+01 1.000000000000000000e+00 2.000000000000000000e+00 5.000000000000000000e+00 1.000000000000000000e+01 2.000000000000000000e+01 4.000000000000000000e+01 1.000000000000000000e+00 5.050499549329476867e-01 5.243252570456962136e-01 5.964808449239142885e-01 6.570867770043935518e-01 7.103826764283662776e-01 7.509712685877246718e-01
4.000000000000003553e-03 1.000000000000000000e+00 2.000000000000000000e+00 5.000000000000000000e+00 1.000000000000000000e+01 2.000000000000000000e+01 4.000000000000000000e+01 1.000000000000000000e+00 2.000000000000000000e+00 5.000000000000000000e+00 1.000000000000000000e+01 2.000000000000000000e+01 4.000000000000000000e+01 1.000000000000000000e+00 5.259195790312595209e-01 5.515720687847467385e-01 6.126577805527516629e-01 6.627469389580262771e-01 7.112942013716644363e-01 7.509607428506549498e-01
5.999999999999991451e-03 1.000000000000000000e+00 2.000000000000000000e+00 5.000000000000000000e+00 1.000000000000000000e+01 2.000000000000000000e+01 4.000000000000000000e+01 1.000000000000000000e+00 2.000000000000000000e+00 5.000000000000000000e+00 1.000000000000000000e+01 2.000000000000000000e+01 4.000000000000000000e+01 1.000000000000000000e+00 5.453168303422976093e-01 5.752062158800975711e-01 6.260648683781778745e-01 6.674397281153294781e-01 7.118283528325413112e-01 7.508868442522852460e-01
7.999999999999993228e-03 1.000000000000000000e+00 2.000000000000000000e+00 5.000000000000000000e+00 1.000000000000000000e+01 2.000000000000000000e+01 4.000000000000000000e+01 1.000000000000000000e+00 2.000000000000000000e+00 5.000000000000000000e+00 1.000000000000000000e+01 2.000000000000000000e+01 4.000000000000000000e+01 1.000000000000000000e+00 5.628766433115057755e-01 5.949856108192527193e-01 6.367432796974142883e-01 6.706552298964930658e-01 7.119964458199363744e-01 7.508129096499552846e-01
9.999999999999995004e-03 1.000000000000000000e+00 2.000000000000000000e+00 5.000000000000000000e+00 1.000000000000000000e+01 2.000000000000000000e+01 4.000000000000000000e+01 1.000000000000000000e+00 2.000000000000000000e+00 5.000000000000000000e+00 1.000000000000000000e+01 2.000000000000000000e+01 4.000000000000000000e+01 1.000000000000000000e+00 5.781088518681161137e-01 6.106518371676562529e-01 6.436879628363134653e-01 6.719796818445937792e-01 7.117590046645462243e-01 7.507194940596312316e-01
1.199999999999999678e-02 1.000000000000000000e+00 2.000000000000000000e+00 5.000000000000000000e+00 1.000000000000000000e+01 2.000000000000000000e+01 4.000000000000000000e+01 1.000000000000000000e+00 2.000000000000000000e+00 5.000000000000000000e+00 1.000000000000000000e+01 2.000000000000000000e+01 4.000000000000000000e+01 1.000000000000000000e+00 5.750428514919564416e-01 6.073480428978905721e-01 6.411793710641200406e-01 6.708692029547506097e-01 7.114509654561576024e-01 7.507209452570046126e-01
1.399999999999999856e-02 1.000000000000000000e+00 2.000000000000000000e+00 5.000000000000000000e+00 1.000000000000000000e+01 2.000000000000000000e+01 4.000000000000000000e+01 1.000000000000000000e+00 2.000000000000000000e+00 5.000000000000000000e+00 1.000000000000000000e+01 2.000000000000000000e+01 4.000000000000000000e+01 1.000000000000000000e+00 5.714000675928908590e-01 6.033728615779598847e-01 6.386509405176385989e-01 6.695623352525515992e-01 7.110905607799206107e-01 7.507253701495143483e-01
1.600000000000000033e-02 1.000000000000000000e+00 2.000000000000000000e+00 5.000000000000000000e+00 1.000000000000000000e+01 2.000000000000000000e+01 4.000000000000000000e+01 1.000000000000000000e+00 2.000000000000000000e+00 5.000000000000000000e+00 1.000000000000000000e+01 2.000000000000000000e+01 4.000000000000000000e+01 1.000000000000000000e+00 5.678583111060753197e-01 5.995707792444237016e-01 6.364527047106246505e-01 6.685375614266526600e-01 7.107455185540118014e-01 7.507300890573993524e-01
1.800000000000000211e-02 1.000000000000000000e+00 2.000000000000000000e+00 5.000000000000000000e+00 1.000000000000000000e+01 2.000000000000000000e+01 4.000000000000000000e+01 1.000000000000000000e+00 2.000000000000000000e+00 5.000000000000000000e+00 1.000000000000000000e+01 2.000000000000000000e+01 4.000000000000000000e+01 1.000000000000000000e+00 5.643576282537091648e-01 5.957702358560443834e-01 6.342751682693136273e-01 6.675361075167919322e-01 7.104581430678305054e-01 7.506880785569546299e-01
1.999999999999999001e-02 1.000000000000000000e+00 2.000000000000000000e+00 5.000000000000000000e+00 1.000000000000000000e+01 2.000000000000000000e+01 4.000000000000000000e+01 1.000000000000000000e+00 2.000000000000000000e+00 5.000000000000000000e+00 1.000000000000000000e+01 2.000000000000000000e+01 4.000000000000000000e+01 1.000000000000000000e+00 5.607531453800556065e-01 5.923978479920940510e-01 6.322118518161331524e-01 6.667142760527442480e-01 7.103957840503147825e-01 7.507472764058162884e-01
2.199999999999999178e-02 1.000000000000000000e+00 2.000000000000000000e+00 5.000000000000000000e+00 1.000000000000000000e+01 2.000000000000000000e+01 4.000000000000000000e+01 1.000000000000000000e+00 2.000000000000000000e+00 5.000000000000000000e+00 1.000000000000000000e+01 2.000000000000000000e+01 4.000000000000000000e+01 1.000000000000000000e+00 5.573610046808955554e-01 5.886365708018597154e-01 6.300496948440091893e-01 6.657547451386390813e-01 7.100846723965702489e-01 7.507560539478319583e-01
2.399999999999999356e-02 1.000000000000000000e+00 2.000000000000000000e+00 5.000000000000000000e+00 1.000000000000000000e+01 2.000000000000000000e+01 4.000000000000000000e+01 1.000000000000000000e+00 2.000000000000000000e+00 5.000000000000000000e+00 1.000000000000000000e+01 2.000000000000000000e+01 4.000000000000000000e+01 1.000000000000000000e+00 5.540161753455515870e-01 5.848982900718928679e-01 6.279042908112780763e-01 6.648224332182209872e-01 7.097854659979732084e-01 7.507611107117534432e-01
2.599999999999999534e-02 1.000000000000000000e+00 2.000000000000000000e+00 5.000000000000000000e+00 1.000000000000000000e+01 2.000000000000000000e+01 4.000000000000000000e+01 1.000000000000000000e+00 2.000000000000000000e+00 5.000000000000000000e+00 1.000000000000000000e+01 2.000000000000000000e+01 4.000000000000000000e+01 1.000000000000000000e+00 5.507793659870873215e-01 5.806262673748872061e-01 6.260046073480096673e-01 6.639056231337123748e-01 7.095926911348551247e-01 7.508482110431426992e-01
2.799999999999999711e-02 1.000000000000000000e+00 2.000000000000000000e+00 5.000000000000000000e+00 1.000000000000000000e+01 2.000000000000000000e+01 4.000000000000000000e+01 1.000000000000000000e+00 2.000000000000000000e+00 5.000000000000000000e+00 1.000000000000000000e+01 2.000000000000000000e+01 4.000000000000000000e+01 1.000000000000000000e+00 5.473188227331075018e-01 5.768782546255500909e-01 6.238958338816662508e-01 6.630233985771752936e-01 7.093186970222475907e-01 7.508452296395260461e-01
2.999999999999999889e-02 1.000000000000000000e+00 2.000000000000000000e+00 5.000000000000000000e+00 1.000000000000000000e+01 2.000000000000000000e+01 4.000000000000000000e+01 1.000000000000000000e+00 2.000000000000000000e+00 5.000000000000000000e+00 1.000000000000000000e+01 2.000000000000000000e+01 4.000000000000000000e+01 1.000000000000000000e+00 5.441013963089226246e-01 5.732014877426345745e-01 6.218154065432974775e-01 6.621542037528782565e-01 7.090480401679618572e-01 7.508364018392589267e-01
3.200000000000000067e-02 1.000000000000000000e+00 2.000000000000000000e+00 5.000000000000000000e+00 1.000000000000000000e+01 2.000000000000000000e+01 4.000000000000000000e+01 1.000000000000000000e+00 2.000000000000000000e+00 5.000000000000000000e+00 1.000000000000000000e+01 2.000000000000000000e+01 4.000000000000000000e+01 1.000000000000000000e+00 5.409432632719132217e-01 5.695679248890702651e-01 6.202334237881997892e-01 6.615851344641345833e-01 7.087671398020558566e-01 7.508673557987315395e-01
3.400000000000000244e-02 1.000000000000000000e+00 2.000000000000000000e+00 5.000000000000000000e+00 1.000000000000000000e+01 2.000000000000000000e+01 4.000000000000000000e+01 1.000000000000000000e+00 2.000000000000000000e+00 5.000000000000000000e+00 1.000000000000000000e+01 2.000000000000000000e+01 4.000000000000000000e+01 1.000000000000000000e+00 5.379073717882488781e-01 5.661277451387374260e-01 6.176541927559197065e-01 6.603389042663286856e-01 7.085078986097017584e-01 7.508626122429477023e-01
3.600000000000000422e-02 1.000000000000000000e+00 2.000000000000000000e+00 5.000000000000000000e+00 1.000000000000000000e+01 2.000000000000000000e+01 4.000000000000000000e+01 1.000000000000000000e+00 2.000000000000000000e+00 5.000000000000000000e+00 1.000000000000000000e+01 2.000000000000000000e+01 4.000000000000000000e+01 1.000000000000000000e+00 5.349060318342472309e-01 5.625886220928079107e-01 6.156634153981961344e-01 6.595302162359636400e-01 7.082587380867385596e-01 7.508516017719625291e-01
3.800000000000000600e-02 1.000000000000000000e+00 2.000000000000000000e+00 5.000000000000000000e+00 1.000000000000000000e+01 2.000000000000000000e+01 4.000000000000000000e+01 1.000000000000000000e+00 2.000000000000000000e+00 5.000000000000000000e+00 1.000000000000000000e+01 2.000000000000000000e+01 4.000000000000000000e+01 1.000000000000000000e+00 5.319728915035345507e-01 5.591052530677672605e-01 6.137026586870284461e-01 6.587517412816176199e-01 7.078511505912288282e-01 7.507425164544574425e-01
4.000000000000000777e-02 1.000000000000000000e+00 2.000000000000000000e+00 5.000000000000000000e+00 1.000000000000000000e+01 2.000000000000000000e+01 4.000000000000000000e+01 1.000000000000000000e+00 2.000000000000000000e+00 5.000000000000000000e+00 1.000000000000000000e+01 2.000000000000000000e+01 4.000000000000000000e+01 1.000000000000000000e+00 5.292311998712186938e-01 5.562540395410590088e-01 6.124270139027181425e-01 6.578901976006307217e-01 7.075423019900488608e-01 7.506701490310970781e-01
4.200000000000000955e-02 1.000000000000000000e+00 2.000000000000000000e+00 5.000000000000000000e+00 1.000000000000000000e+01 2.000000000000000000e+01 4.000000000000000000e+01 1.000000000000000000e+00 2.000000000000000000e+00 5.000000000000000000e+00 1.000000000000000000e+01 2.000000000000000000e+01 4.000000000000000000e+01 1.000000000000000000e+00 5.264019851481658296e-01 5.529102340104041780e-01 6.105473484054255717e-01 6.571567556028770074e-01 7.073303777927519853e-01 7.506665877254087293e-01
4.400000000000001132e-02 1.000000000000000000e+00 2.000000000000000000e+00 5.000000000000000000e+00 1.000000000000000000e+01 2.000000000000000000e+01 4.000000000000000000e+01 1.000000000000000000e+00 2.000000000000000000e+00 5.000000000000000000e+00 1.000000000000000000e+01 2.000000000000000000e+01 4.000000000000000000e+01 1.000000000000000000e+00 5.236319163822729106e-01 5.496260586554033711e-01 6.087007563025694790e-01 6.564607293783315534e-01 7.071300706131069536e-01 7.506709562167150906e-01
4.599999999999998535e-02 1.000000000000000000e+00 2.000000000000000000e+00 5.000000000000000000e+00 1.000000000000000000e+01 2.000000000000000000e+01 4.000000000000000000e+01 1.000000000000000000e+00 2.000000000000000000e+00 5.000000000000000000e+00 1.000000000000000000e+01 2.000000000000000000e+01 4.000000000000000000e+01 1.000000000000000000e+00 5.212509379426203404e-01 5.461760349196919107e-01 6.066781316422882320e-01 6.557144885381974708e-01 7.070168307154039988e-01 7.505788973249752916e-01
4.799999999999998712e-02 1.000000000000000000e+00 2.000000000000000000e+00 5.000000000000000000e+00 1.000000000000000000e+01 2.000000000000000000e+01 4.000000000000000000e+01 1.000000000000000000e+00 2.000000000000000000e+00 5.000000000000000000e+00 1.000000000000000000e+01 2.000000000000000000e+01 4.000000000000000000e+01 1.000000000000000000e+00 5.176345528488883740e-01 5.425905769157005620e-01 6.049376282060843213e-01 6.550381423416388182e-01 7.068367195884287524e-01 7.505765088310778488e-01
4.999999999999998890e-02 1.000000000000000000e+00 2.000000000000000000e+00 5.000000000000000000e+00 1.000000000000000000e+01 2.000000000000000000e+01 4.000000000000000000e+01 1.000000000000000000e+00 2.000000000000000000e+00 5.000000000000000000e+00 1.000000000000000000e+01 2.000000000000000000e+01 4.000000000000000000e+01 1.000000000000000000e+00 5.150808427656884403e-01 5.395162977661663861e-01 6.032330267247137945e-01 6.543755253110582482e-01 7.066563119663896719e-01 7.505714132058577404e-01
5.199999999999999067e-02 1.000000000000000000e+00 2.000000000000000000e+00 5.000000000000000000e+00 1.000000000000000000e+01 2.000000000000000000e+01 4.000000000000000000e+01 1.000000000000000000e+00 2.000000000000000000e+00 5.000000000000000000e+00 1.000000000000000000e+01 2.000000000000000000e+01 4.000000000000000000e+01 1.000000000000000000e+00 5.125971722483639859e-01 5.365135141029344634e-01 6.015351534336202954e-01 6.539224162042196475e-01 7.064084144904633211e-01 7.505345179126283739e-01
5.399999999999999245e-02 1.000000000000000000e+00 2.000000000000000000e+00 5.000000000000000000e+00 1.000000000000000000e+01 2.000000000000000000e+01 4.000000000000000000e+01 1.000000000000000000e+00 2.000000000000000000e+00 5.000000000000000000e+00 1.000000000000000000e+01 2.000000000000000000e+01 4.000000000000000000e+01 1.000000000000000000e+00 5.109665751028520386e-01 5.336141739741362411e-01 5.996704445968493724e-01 6.535255811666023096e-01 7.062329715143456088e-01 7.505319926108481310e-01
5.599999999999999423e-02 1.000000000000000000e+00 2.000000000000000000e+00 5.000000000000000000e+00 1.000000000000000000e+01 2.000000000000000000e+01 4.000000000000000000e+01 1.000000000000000000e+00 2.000000000000000000e+00 5.000000000000000000e+00 1.000000000000000000e+01 2.000000000000000000e+01 4.000000000000000000e+01 1.000000000000000000e+00 5.086114693147986143e-01 5.307427119512917457e-01 5.980917123584251760e-01 6.529513543214301441e-01 7.060711439803699641e-01 7.505278612036442309e-01
5.799999999999999600e-02 1.000000000000000000e+00 2.000000000000000000e+00 5.000000000000000000e+00 1.000000000000000000e+01 2.000000000000000000e+01 4.000000000000000000e+01 1.000000000000000000e+00 2.000000000000000000e+00 5.000000000000000000e+00 1.000000000000000000e+01 2.000000000000000000e+01 4.000000000000000000e+01 1.000000000000000000e+00 5.063241144201927613e-01 5.279339638336131291e-01 5.965533882446431013e-01 6.524036580310493827e-01 7.060113918655777088e-01 7.507256051612215542e-01
5.999999999999999778e-02 1.000000000000000000e+00 2.000000000000000000e+00 5.000000000000000000e+00 1.000000000000000000e+01 2.000000000000000000e+01 4.000000000000000000e+01 1.000000000000000000e+00 2.000000000000000000e+00 5.000000000000000000e+00 1.000000000000000000e+01 2.000000000000000000e+01 4.000000000000000000e+01 1.000000000000000000e+00 5.036836788633627382e-01 5.250864502179919402e-01 5.952555940078428920e-01 6.516613146595866546e-01 7.056339258967060379e-01 7.505356005436447653e-01
6.199999999999999956e-02 1.000000000000000000e+00 2.000000000000000000e+00 5.000000000000000000e+00 1.000000000000000000e+01 2.000000000000000000e+01 4.000000000000000000e+01 1.000000000000000000e+00 2.000000000000000000e+00 5.000000000000000000e+00 1.000000000000000000e+01 2.000000000000000000e+01 4.000000000000000000e+01 1.000000000000000000e+00 5.015135755963716635e-01 5.224307016864666586e-01 5.937662086086240576e-01 6.511388688567413263e-01 7.055077144029776592e-01 7.505274757170772304e-01
6.400000000000000133e-02 1.000000000000000000e+00 2.000000000000000000e+00 5.000000000000000000e+00 1.000000000000000000e+01 2.000000000000000000e+01 4.000000000000000000e+01 1.000000000000000000e+00 2.000000000000000000e+00 5.000000000000000000e+00 1.000000000000000000e+01 2.000000000000000000e+01 4.000000000000000000e+01 1.000000000000000000e+00 4.994073913668247711e-01 5.198350273628034035e-01 5.923191463356736186e-01 6.506406613118408400e-01 7.053830430879269864e-01 7.505173332492397487e-01
6.600000000000000311e-02 1.000000000000000000e+00 2.000000000000000000e+00 5.000000000000000000e+00 1.000000000000000000e+01 2.000000000000000000e+01 4.000000000000000000e+01 1.000000000000000000e+00 2.000000000000000000e+00 5.000000000000000000e+00 1.000000000000000000e+01 2.000000000000000000e+01 4.000000000000000000e+01 1.000000000000000000e+00 4.976991428181419264e-01 5.178041871726505319e-01 5.910934708942734428e-01 6.502730813323147618e-01 7.053736060804661756e-01 7.504118460906380461e-01
6.800000000000000488e-02 1.000000000000000000e+00 2.000000000000000000e+00 5.000000000000000000e+00 1.000000000000000000e+01 2.000000000000000000e+01 4.000000000000000000e+01 1.000000000000000000e+00 2.000000000000000000e+00 5.000000000000000000e+00 1.000000000000000000e+01 2.000000000000000000e+01 4.000000000000000000e+01 1.000000000000000000e+00 4.957126251514842874e-01 5.153338912353523371e-01 5.897373075380965002e-01 6.498209773689018753e-01 7.052802973241881768e-01 7.504062299517069157e-01
7.000000000000000666e-02 1.000000000000000000e+00 2.000000000000000000e+00 5.000000000000000000e+00 1.000000000000000000e+01 2.000000000000000000e+01 4.000000000000000000e+01 1.000000000000000000e+00 2.000000000000000000e+00 5.000000000000000000e+00 1.000000000000000000e+01 2.000000000000000000e+01 4.000000000000000000e+01 1.000000000000000000e+00 4.938135157572531297e-01 5.129540700994099645e-01 5.884225062937809003e-01 6.493750498397374837e-01 7.051766755633230854e-01 7.503981202695787500e-01
7.200000000000000844e-02 1.000000000000000000e+00 2.000000000000000000e+00 5.000000000000000000e+00 1.000000000000000000e+01 2.000000000000000000e+01 4.000000000000000000e+01 1.000000000000000000e+00 2.000000000000000000e+00 5.000000000000000000e+00 1.000000000000000000e+01 2.000000000000000000e+01 4.000000000000000000e+01 1.000000000000000000e+00 4.919738789791959777e-01 5.106406456273862027e-01 5.870915319181873038e-01 6.488416617007713993e-01 7.051062296338932445e-01 7.504822715566703550e-01
7.400000000000001021e-02 1.000000000000000000e+00 2.000000000000000000e+00 5.000000000000000000e+00 1.000000000000000000e+01 2.000000000000000000e+01 4.000000000000000000e+01 1.000000000000000000e+00 2.000000000000000000e+00 5.000000000000000000e+00 1.000000000000000000e+01 2.000000000000000000e+01 4.000000000000000000e+01 1.000000000000000000e+00 4.905402517377907556e-01 5.075597343103224190e-01 5.853204769495303772e-01 6.484527281559773204e-01 7.049990283263667390e-01 7.504745108113469731e-01
7.599999999999998423e-02 1.000000000000000000e+00 2.000000000000000000e+00 5.000000000000000000e+00 1.000000000000000000e+01 2.000000000000000000e+01 4.000000000000000000e+01 1.000000000000000000e+00 2.000000000000000000e+00 5.000000000000000000e+00 1.000000000000000000e+01 2.000000000000000000e+01 4.000000000000000000e+01 1.000000000000000000e+00 4.888279638267206129e-01 5.053926258857396325e-01 5.841354659213228162e-01 6.480333055844450518e-01 7.048914388999927283e-01 7.504647583660604138e-01
7.799999999999998601e-02 1.000000000000000000e+00 2.000000000000000000e+00 5.000000000000000000e+00 1.000000000000000000e+01 2.000000000000000000e+01 4.000000000000000000e+01 1.000000000000000000e+00 2.000000000000000000e+00 5.000000000000000000e+00 1.000000000000000000e+01 2.000000000000000000e+01 4.000000000000000000e+01 1.000000000000000000e+00 4.871739489911589560e-01 5.032951964270548917e-01 5.830018215190911901e-01 6.476573258014578505e-01 7.050668843269860542e-01 7.505693086447585705e-01
7.999999999999998779e-02 1.000000000000000000e+00 2.000000000000000000e+00 5.000000000000000000e+00 1.000000000000000000e+01 2.000000000000000000e+01 4.000000000000000000e+01 1.000000000000000000e+00 2.000000000000000000e+00 5.000000000000000000e+00 1.000000000000000000e+01 2.000000000000000000e+01 4.000000000000000000e+01 1.000000000000000000e+00 4.851671814473907940e-01 5.015627867926392147e-01 5.818402019283122062e-01 6.478967419818650875e-01 7.049049353340691715e-01 7.509697322551716070e-01
8.199999999999998956e-02 1.000000000000000000e+00 2.000000000000000000e+00 5.000000000000000000e+00 1.000000000000000000e+01 2.000000000000000000e+01 4.000000000000000000e+01 1.000000000000000000e+00 2.000000000000000000e+00 5.000000000000000000e+00 1.000000000000000000e+01 2.000000000000000000e+01 4.000000000000000000e+01 1.000000000000000000e+00 4.836044594644150485e-01 4.996006835749599029e-01 5.807602978127753834e-01 6.475611972082134793e-01 7.048278408027008890e-01 7.509769530269273519e-01
8.399999999999999134e-02 1.000000000000000000e+00 2.000000000000000000e+00 5.000000000000000000e+00 1.000000000000000000e+01 2.000000000000000000e+01 4.000000000000000000e+01 1.000000000000000000e+00 2.000000000000000000e+00 5.000000000000000000e+00 1.000000000000000000e+01 2.000000000000000000e+01 4.000000000000000000e+01 1.000000000000000000e+00 4.820975089251486878e-01 4.977033985188588083e-01 5.797155588858402542e-01 6.472501091103332049e-01 7.047582368145093312e-01 7.509804589232877969e-01
8.599999999999999312e-02 1.000000000000000000e+00 2.000000000000000000e+00 5.000000000000000000e+00 1.000000000000000000e+01 2.000000000000000000e+01 4.000000000000000000e+01 1.000000000000000000e+00 2.000000000000000000e+00 5.000000000000000000e+00 1.000000000000000000e+01 2.000000000000000000e+01 4.000000000000000000e+01 1.000000000000000000e+00 4.805774511793908244e-01 4.957393546283534458e-01 5.792222919915681612e-01 6.468917919111992765e-01 7.048897413495748276e-01 7.508610337703215398e-01
8.799999999999999489e-02 1.000000000000000000e+00 2.000000000000000000e+00 5.000000000000000000e+00 1.000000000000000000e+01 2.000000000000000000e+01 4.000000000000000000e+01 1.000000000000000000e+00 2.000000000000000000e+00 5.000000000000000000e+00 1.000000000000000000e+01 2.000000000000000000e+01 4.000000000000000000e+01 1.000000000000000000e+00 4.790878668829762210e-01 4.948865198920465169e-01 5.782611852851882173e-01 6.466147194836239231e-01 7.048342615222384921e-01 7.508574652965995799e-01
8.999999999999999667e-02 1.000000000000000000e+00 2.000000000000000000e+00 5.000000000000000000e+00 1.000000000000000000e+01 2.000000000000000000e+01 4.000000000000000000e+01 1.000000000000000000e+00 2.000000000000000000e+00 5.000000000000000000e+00 1.000000000000000000e+01 2.000000000000000000e+01 4.000000000000000000e+01 1.000000000000000000e+00 4.777452325134814437e-01 4.931663328954568049e-01 5.773295754424374593e-01 6.463437705643746423e-01 7.047719219147189351e-01 7.508535011710344431e-01
9.199999999999999845e-02 1.000000000000000000e+00 2.000000000000000000e+00 5.000000000000000000e+00 1.000000000000000000e+01 2.000000000000000000e+01 4.000000000000000000e+01 1.000000000000000000e+00 2.000000000000000000e+00 5.000000000000000000e+00 1.000000000000000000e+01 2.000000000000000000e+01 4.000000000000000000e+01 1.000000000000000000e+00 4.764473365620411904e-01 4.915007998920083998e-01 5.770093465329283466e-01 6.454997054377256127e-01 7.045045959700794169e-01 7.507959443833229773e-01
9.400000000000000022e-02 1.000000000000000000e+00 2.000000000000000000e+00 5.000000000000000000e+00 1.000000000000000000e+01 2.000000000000000000e+01 4.000000000000000000e+01 1.000000000000000000e+00 2.000000000000000000e+00 5.000000000000000000e+00 1.000000000000000000e+01 2.000000000000000000e+01 4.000000000000000000e+01 1.000000000000000000e+00 4.754454195209243395e-01 4.891743728625192467e-01 5.752373446095193632e-01 6.449245738999230815e-01 7.044419330661927381e-01 7.507877292990612350e-01
9.600000000000000200e-02 1.000000000000000000e+00 2.000000000000000000e+00 5.000000000000000000e+00 1.000000000000000000e+01 2.000000000000000000e+01 4.000000000000000000e+01 1.000000000000000000e+00 2.000000000000000000e+00 5.000000000000000000e+00 1.000000000000000000e+01 2.000000000000000000e+01 4.000000000000000000e+01 1.000000000000000000e+00 4.742278697240794871e-01 4.876290528605691232e-01 5.744084603751461460e-01 6.446683906939326691e-01 7.043900540334845362e-01 7.507839168816601294e-01
9.800000000000000377e-02 1.000000000000000000e+00 2.000000000000000000e+00 5.000000000000000000e+00 1.000000000000000000e+01 2.000000000000000000e+01 4.000000000000000000e+01 1.000000000000000000e+00 2.000000000000000000e+00 5.000000000000000000e+00 1.000000000000000000e+01 2.000000000000000000e+01 4.000000000000000000e+01 1.000000000000000000e+00 4.730578859836159777e-01 4.861428276861120001e-01 5.736109490517820042e-01 6.444259924121471528e-01 7.044211459512960127e-01 7.504151529193382464e-01
1.000000000000000056e-01 1.000000000000000000e+00 2.000000000000000000e+00 5.000000000000000000e+00 1.000000000000000000e+01 2.000000000000000000e+01 4.000000000000000000e+01 1.000000000000000000e+00 2.000000000000000000e+00 5.000000000000000000e+00 1.000000000000000000e+01 2.000000000000000000e+01 4.000000000000000000e+01 1.000000000000000000e+00 4.723448645090825293e-01 4.853753236424603323e-01 5.728972785907283649e-01 6.444112311166352303e-01 7.045696958071906435e-01 7.506146779507777422e-01
