-1.000000000000000056e-01 1.000000000000000000e+00 5.000000000000000000e+00 1.000000000000000000e+01 2.000000000000000000e+01 4.000000000000000000e+01 8.000000000000000000e+01 1.000000000000000000e+00 5.000000000000000000e+00 1.000000000000000000e+01 2.000000000000000000e+01 4.000000000000000000e+01 8.000000000000000000e+01 1.000000000000000000e+00 4.756152672009361648e-01 4.188537192959814748e-01 4.967008787558104821e-01 6.936445569647110565e-01 7.986795387182397121e-01 8.333573966553818879e-01
-9.800000000000000377e-02 1.000000000000000000e+00 5.000000000000000000e+00 1.000000000000000000e+01 2.000000000000000000e+01 4.000000000000000000e+01 8.000000000000000000e+01 1.000000000000000000e+00 5.000000000000000000e+00 1.000000000000000000e+01 2.000000000000000000e+01 4.000000000000000000e+01 8.000000000000000000e+01 1.000000000000000000e+00 4.756113066303579995e-01 4.189744161648178977e-01 4.968734418320448487e-01 6.936697922931043259e-01 7.986435215555726108e-01 8.333637941200994215e-01
-9.600000000000000200e-02 1.000000000000000000e+00 5.000000000000000000e+00 1.000000000000000000e+01 2.000000000000000000e+01 4.000000000000000000e+01 8.000000000000000000e+01 1.000000000000000000e+00 5.000000000000000000e+00 1.000000000000000000e+01 2.000000000000000000e+01 4.000000000000000000e+01 8.000000000000000000e+01 1.000000000000000000e+00 4.756353137245529217e-01 4.191683523228500463e-01 4.972106224221796711e-01 6.936860391735495401e-01 7.986069299652457376e-01 8.333720125245236421e-01
-9.400000000000000022e-02 1.000000000000000000e+00 5.000000000000000000e+00 1.000000000000000000e+01 2.000000000000000000e+01 4.000000000000000000e+01 8.000000000000000000e+01 1.000000000000000000e+00 5.000000000000000000e+00 1.000000000000000000e+01 2.000000000000000000e+01 4.000000000000000000e+01 8.000000000000000000e+01 1.000000000000000000e+00 4.756532982012480759e-01 4.192922485936523835e-01 4.976623766216032863e-01 6.939535856187396545e-01 7.984937376986019908e-01 8.333873449866873173e-01
-9.199999999999999845e-02 1.000000000000000000e+00 5.000000000000000000e+00 1.000000000000000000e+01 2.000000000000000000e+01 4.000000000000000000e+01 8.000000000000000000e+01 1.000000000000000000e+00 5.000000000000000000e+00 1.000000000000000000e+01 2.000000000000000000e+01 4.000000000000000000e+01 8.000000000000000000e+01 1.000000000000000000e+00 4.756958438386220123e-01 4.195461786849706831e-01 4.980784930024967361e-01 6.939517220442695811e-01 7.984814010078098434e-01 8.334127664687690507e-01
-9.000000000000001055e-02 1.000000000000000000e+00 5.000000000000000000e+00 1.000000000000000000e+01 2.000000000000000000e+01 4.000000000000000000e+01 8.000000000000000000e+01 1.000000000000000000e+00 5.000000000000000000e+00 1.000000000000000000e+01 2.000000000000000000e+01 4.000000000000000000e+01 8.000000000000000000e+01 1.000000000000000000e+00 4.757022103273723657e-01 4.197662572713969920e-01 4.984912029711778825e-01 6.940374980350146883e-01 7.984534573681563163e-01 8.334556186787939192e-01
-8.800000000000000877e-02 1.000000000000000000e+00 5.000000000000000000e+00 1.000000000000000000e+01 2.000000000000000000e+01 4.000000000000000000e+01 8.000000000000000000e+01 1.000000000000000000e+00 5.000000000000000000e+00 1.000000000000000000e+01 2.000000000000000000e+01 4.000000000000000000e+01 8.000000000000000000e+01 1.000000000000000000e+00 4.757161721268803323e-01 4.199689541410674964e-01 4.988560899957555916e-01 6.941721342875873946e-01 7.984735201489610024e-01 8.335008886439608800e-01
-8.600000000000000699e-02 1.000000000000000000e+00 5.000000000000000000e+00 1.000000000000000000e+01 2.000000000000000000e+01 4.000000000000000000e+01 8.000000000000000000e+01 1.000000000000000000e+00 5.000000000000000000e+00 1.000000000000000000e+01 2.000000000000000000e+01 4.000000000000000000e+01 8.000000000000000000e+01 1.000000000000000000e+00 4.756569484551436133e-01 4.199430053144486696e-01 4.991696614175644697e-01 6.942215632644829215e-01 7.984336999108869737e-01 8.335766480495121478e-01
-8.400000000000000522e-02 1.000000000000000000e+00 5.000000000000000000e+00 1.000000000000000000e+01 2.000000000000000000e+01 4.000000000000000000e+01 8.000000000000000000e+01 1.000000000000000000e+00 5.000000000000000000e+00 1.000000000000000000e+01 2.000000000000000000e+01 4.000000000000000000e+01 8.000000000000000000e+01 1.000000000000000000e+00 4.756548288550395132e-01 4.201872322016393935e-01 4.994921717573451159e-01 6.942871191383154228e-01 7.983881720485122013e-01 8.336763533021390726e-01
-8.200000000000000344e-02 1.000000000000000000e+00 5.000000000000000000e+00 1.000000000000000000e+01 2.000000000000000000e+01 4.000000000000000000e+01 8.000000000000000000e+01 1.000000000000000000e+00 5.000000000000000000e+00 1.000000000000000000e+01 2.000000000000000000e+01 4.000000000000000000e+01 8.000000000000000000e+01 1.000000000000000000e+00 4.756780916326199260e-01 4.205150542075294928e-01 4.998673053764999819e-01 6.943444921332128095e-01 7.983589881277448619e-01 8.338004133203529289e-01
-8.000000000000000167e-02 1.000000000000000000e+00 5.000000000000000000e+00 1.000000000000000000e+01 2.000000000000000000e+01 4.000000000000000000e+01 8.000000000000000000e+01 1.000000000000000000e+00 5.000000000000000000e+00 1.000000000000000000e+01 2.000000000000000000e+01 4.000000000000000000e+01 8.000000000000000000e+01 1.000000000000000000e+00 4.756481765302658649e-01 4.204443527619888266e-01 5.009295960365816036e-01 6.944079735653589935e-01 7.984367415578530469e-01 8.340441972154407635e-01
-7.800000000000001377e-02 1.000000000000000000e+00 5.000000000000000000e+00 1.000000000000000000e+01 2.000000000000000000e+01 4.000000000000000000e+01 8.000000000000000000e+01 1.000000000000000000e+00 5.000000000000000000e+00 1.000000000000000000e+01 2.000000000000000000e+01 4.000000000000000000e+01 8.000000000000000000e+01 1.000000000000000000e+00 4.756879553111805770e-01 4.208037304026153169e-01 5.014261575959121364e-01 6.944515680705118932e-01 7.983786998255860690e-01 8.342219661291514488e-01
-7.600000000000001199e-02 1.000000000000000000e+00 5.000000000000000000e+00 1.000000000000000000e+01 2.000000000000000000e+01 4.000000000000000000e+01 8.000000000000000000e+01 1.000000000000000000e+00 5.000000000000000000e+00 1.000000000000000000e+01 2.000000000000000000e+01 4.000000000000000000e+01 8.000000000000000000e+01 1.000000000000000000e+00 4.757018044209495033e-01 4.211126834667905383e-01 5.018838084406588296e-01 6.944672359883721224e-01 7.983343685095305453e-01 8.344206783604913857e-01
-7.400000000000001021e-02 1.000000000000000000e+00 5.000000000000000000e+00 1.000000000000000000e+01 2.000000000000000000e+01 4.000000000000000000e+01 8.000000000000000000e+01 1.000000000000000000e+00 5.000000000000000000e+00 1.000000000000000000e+01 2.000000000000000000e+01 4.000000000000000000e+01 8.000000000000000000e+01 1.000000000000000000e+00 4.757197619389528231e-01 4.214578425981242438e-01 5.022830805713452973e-01 6.948438056271510899e-01 7.983005157018082665e-01 8.345795096680188596e-01
-7.200000000000000844e-02 1.000000000000000000e+00 5.000000000000000000e+00 1.000000000000000000e+01 2.000000000000000000e+01 4.000000000000000000e+01 8.000000000000000000e+01 1.000000000000000000e+00 5.000000000000000000e+00 1.000000000000000000e+01 2.000000000000000000e+01 4.000000000000000000e+01 8.000000000000000000e+01 1.000000000000000000e+00 4.758638531419084883e-01 4.220214599992883620e-01 5.028922637262827067e-01 6.949083837485662274e-01 7.982907063743228671e-01 8.348322271055316213e-01
-7.000000000000000666e-02 1.000000000000000000e+00 5.000000000000000000e+00 1.000000000000000000e+01 2.000000000000000000e+01 4.000000000000000000e+01 8.000000000000000000e+01 1.000000000000000000e+00 5.000000000000000000e+00 1.000000000000000000e+01 2.000000000000000000e+01 4.000000000000000000e+01 8.000000000000000000e+01 1.000000000000000000e+00 4.758749782311668119e-01 4.223549574376904148e-01 5.034084740805812030e-01 6.949645430155344528e-01 7.982829594264962969e-01 8.351108509117715073e-01
-6.800000000000000488e-02 1.000000000000000000e+00 5.000000000000000000e+00 1.000000000000000000e+01 2.000000000000000000e+01 4.000000000000000000e+01 8.000000000000000000e+01 1.000000000000000000e+00 5.000000000000000000e+00 1.000000000000000000e+01 2.000000000000000000e+01 4.000000000000000000e+01 8.000000000000000000e+01 1.000000000000000000e+00 4.759032817055834363e-01 4.228253870263658509e-01 5.039963454919740293e-01 6.950249784162136901e-01 7.982620132477009633e-01 8.353882779537723513e-01
-6.600000000000000311e-02 1.000000000000000000e+00 5.000000000000000000e+00 1.000000000000000000e+01 2.000000000000000000e+01 4.000000000000000000e+01 8.000000000000000000e+01 1.000000000000000000e+00 5.000000000000000000e+00 1.000000000000000000e+01 2.000000000000000000e+01 4.000000000000000000e+01 8.000000000000000000e+01 1.000000000000000000e+00 4.758775107594589993e-01 4.231721326196431487e-01 5.050797733607389484e-01 6.950815134494989778e-01 7.982712091299299928e-01 8.357084788435231726e-01
-6.400000000000000133e-02 1.000000000000000000e+00 5.000000000000000000e+00 1.000000000000000000e+01 2.000000000000000000e+01 4.000000000000000000e+01 8.000000000000000000e+01 1.000000000000000000e+00 5.000000000000000000e+00 1.000000000000000000e+01 2.000000000000000000e+01 4.000000000000000000e+01 8.000000000000000000e+01 1.000000000000000000e+00 4.759149477755122426e-01 4.236292879239841325e-01 5.058253557010536916e-01 6.951255724358461618e-01 7.982931946554902014e-01 8.360522620357322410e-01
-6.200000000000000649e-02 1.000000000000000000e+00 5.000000000000000000e+00 1.000000000000000000e+01 2.000000000000000000e+01 4.000000000000000000e+01 8.000000000000000000e+01 1.000000000000000000e+00 5.000000000000000000e+00 1.000000000000000000e+01 2.000000000000000000e+01 4.000000000000000000e+01 8.000000000000000000e+01 1.000000000000000000e+00 4.759438231417816301e-01 4.241038813539249608e-01 5.065210689473930161e-01 6.952094577972031120e-01 7.983227222100555132e-01 8.364106660931663884e-01
-6.000000000000000472e-02 1.000000000000000000e+00 5.000000000000000000e+00 1.000000000000000000e+01 2.000000000000000000e+01 4.000000000000000000e+01 8.000000000000000000e+01 1.000000000000000000e+00 5.000000000000000000e+00 1.000000000000000000e+01 2.000000000000000000e+01 4.000000000000000000e+01 8.000000000000000000e+01 1.000000000000000000e+00 4.758348475288015633e-01 4.243603067104569360e-01 5.062699768239357079e-01 6.949958385135178718e-01 7.981286636529183465e-01 8.368016504070666661e-01
-5.800000000000000294e-02 1.000000000000000000e+00 5.000000000000000000e+00 1.000000000000000000e+01 2.000000000000000000e+01 4.000000000000000000e+01 8.000000000000000000e+01 1.000000000000000000e+00 5.000000000000000000e+00 1.000000000000000000e+01 2.000000000000000000e+01 4.000000000000000000e+01 8.000000000000000000e+01 1.000000000000000000e+00 4.758893593285158374e-01 4.248966116914982827e-01 5.070926251882448277e-01 6.950418954190383802e-01 7.981508654363387301e-01 8.371768014936116220e-01
-5.600000000000000810e-02 1.000000000000000000e+00 5.000000000000000000e+00 1.000000000000000000e+01 2.000000000000000000e+01 4.000000000000000000e+01 8.000000000000000000e+01 1.000000000000000000e+00 5.000000000000000000e+00 1.000000000000000000e+01 2.000000000000000000e+01 4.000000000000000000e+01 8.000000000000000000e+01 1.000000000000000000e+00 4.759126641881873399e-01 4.255119197775853457e-01 5.078232295326440271e-01 6.951282417051963813e-01 7.981870586786667943e-01 8.375572748801710654e-01
-5.400000000000000633e-02 1.000000000000000000e+00 5.000000000000000000e+00 1.000000000000000000e+01 2.000000000000000000e+01 4.000000000000000000e+01 8.000000000000000000e+01 1.000000000000000000e+00 5.000000000000000000e+00 1.000000000000000000e+01 2.000000000000000000e+01 4.000000000000000000e+01 8.000000000000000000e+01 1.000000000000000000e+00 4.759342603082672429e-01 4.260545656391593328e-01 5.085118432000743649e-01 6.951487760828493068e-01 7.982741523672640671e-01 8.379378942100141892e-01
-5.200000000000000455e-02 1.000000000000000000e+00 5.000000000000000000e+00 1.000000000000000000e+01 2.000000000000000000e+01 4.000000000000000000e+01 8.000000000000000000e+01 1.000000000000000000e+00 5.000000000000000000e+00 1.000000000000000000e+01 2.000000000000000000e+01 4.000000000000000000e+01 8.000000000000000000e+01 1.000000000000000000e+00 4.762243967226232333e-01 4.266452144010537406e-01 5.093838626117643820e-01 6.951925882255625133e-01 7.983416145039083922e-01 8.383040568680683036e-01
-5.000000000000000278e-02 1.000000000000000000e+00 5.000000000000000000e+00 1.000000000000000000e+01 2.000000000000000000e+01 4.000000000000000000e+01 8.000000000000000000e+01 1.000000000000000000e+00 5.000000000000000000e+00 1.000000000000000000e+01 2.000000000000000000e+01 4.000000000000000000e+01 8.000000000000000000e+01 1.000000000000000000e+00 4.762524977260109149e-01 4.272908865607957796e-01 5.102972630825773903e-01 6.952885692599407585e-01 7.984167245843037941e-01 8.386534049329634755e-01
-4.800000000000000100e-02 1.000000000000000000e+00 5.000000000000000000e+00 1.000000000000000000e+01 2.000000000000000000e+01 4.000000000000000000e+01 8.000000000000000000e+01 1.000000000000000000e+00 5.000000000000000000e+00 1.000000000000000000e+01 2.000000000000000000e+01 4.000000000000000000e+01 8.000000000000000000e+01 1.000000000000000000e+00 4.763017866094771402e-01 4.279848914919091585e-01 5.112392401899600314e-01 6.953505954471893569e-01 7.985763658250712993e-01 8.390496351912865025e-01
-4.600000000000000616e-02 1.000000000000000000e+00 5.000000000000000000e+00 1.000000000000000000e+01 2.000000000000000000e+01 4.000000000000000000e+01 8.000000000000000000e+01 1.000000000000000000e+00 5.000000000000000000e+00 1.000000000000000000e+01 2.000000000000000000e+01 4.000000000000000000e+01 8.000000000000000000e+01 1.000000000000000000e+00 4.760713884626107117e-01 4.287547400814788467e-01 5.131759667758991617e-01 6.962743854272215316e-01 7.986788947285160534e-01 8.393646547498894162e-01
-4.400000000000000439e-02 1.000000000000000000e+00 5.000000000000000000e+00 1.000000000000000000e+01 2.000000000000000000e+01 4.000000000000000000e+01 8.000000000000000000e+01 1.000000000000000000e+00 5.000000000000000000e+00 1.000000000000000000e+01 2.000000000000000000e+01 4.000000000000000000e+01 8.000000000000000000e+01 1.000000000000000000e+00 4.761101715144696600e-01 4.295018155745757293e-01 5.140910174331746463e-01 6.962854024146052367e-01 7.987933640743187791e-01 8.396598280916741652e-01
-4.200000000000000261e-02 1.000000000000000000e+00 5.000000000000000000e+00 1.000000000000000000e+01 2.000000000000000000e+01 4.000000000000000000e+01 8.000000000000000000e+01 1.000000000000000000e+00 5.000000000000000000e+00 1.000000000000000000e+01 2.000000000000000000e+01 4.000000000000000000e+01 8.000000000000000000e+01 1.000000000000000000e+00 4.761676099081680880e-01 4.302178241683837778e-01 5.149599606169671384e-01 6.963306981653181182e-01 7.989192727598541932e-01 8.399239184784994539e-01
-4.000000000000000777e-02 1.000000000000000000e+00 5.000000000000000000e+00 1.000000000000000000e+01 2.000000000000000000e+01 4.000000000000000000e+01 8.000000000000000000e+01 1.000000000000000000e+00 5.000000000000000000e+00 1.000000000000000000e+01 2.000000000000000000e+01 4.000000000000000000e+01 8.000000000000000000e+01 1.000000000000000000e+00 4.762043378762047530e-01 4.309731046076332173e-01 5.160287541073105277e-01 6.957907025406981916e-01 7.991843764561392671e-01 8.401654340393115428e-01
-3.800000000000000600e-02 1.000000000000000000e+00 5.000000000000000000e+00 1.000000000000000000e+01 2.000000000000000000e+01 4.000000000000000000e+01 8.000000000000000000e+01 1.000000000000000000e+00 5.000000000000000000e+00 1.000000000000000000e+01 2.000000000000000000e+01 4.000000000000000000e+01 8.000000000000000000e+01 1.000000000000000000e+00 4.762456087544371108e-01 4.316849255207217406e-01 5.169302390880963216e-01 6.958602093491655927e-01 7.992890776978850420e-01 8.403882328895683207e-01
-3.600000000000000422e-02 1.000000000000000000e+00 5.000000000000000000e+00 1.000000000000000000e+01 2.000000000000000000e+01 4.000000000000000000e+01 8.000000000000000000e+01 1.000000000000000000e+00 5.000000000000000000e+00 1.000000000000000000e+01 2.000000000000000000e+01 4.000000000000000000e+01 8.000000000000000000e+01 1.000000000000000000e+00 4.762759838259209566e-01 4.323988625324776680e-01 5.177844462892736699e-01 6.959491411145679596e-01 7.994213972353556574e-01 8.405835818513636148e-01
-3.400000000000000244e-02 1.000000000000000000e+00 5.000000000000000000e+00 1.000000000000000000e+01 2.000000000000000000e+01 4.000000000000000000e+01 8.000000000000000000e+01 1.000000000000000000e+00 5.000000000000000000e+00 1.000000000000000000e+01 2.000000000000000000e+01 4.000000000000000000e+01 8.000000000000000000e+01 1.000000000000000000e+00 4.763346386721786785e-01 4.330118433422572854e-01 5.189029318416200631e-01 6.957967309716059923e-01 7.995397622899770296e-01 8.407408378462684073e-01
-3.200000000000000067e-02 1.000000000000000000e+00 5.000000000000000000e+00 1.000000000000000000e+01 2.000000000000000000e+01 4.000000000000000000e+01 8.000000000000000000e+01 1.000000000000000000e+00 5.000000000000000000e+00 1.000000000000000000e+01 2.000000000000000000e+01 4.000000000000000000e+01 8.000000000000000000e+01 1.000000000000000000e+00 4.764952535998953076e-01 4.340582672195211766e-01 5.198881755987498909e-01 6.958945914845928726e-01 7.996563453840710434e-01 8.408939161678937735e-01
-2.999999999999999889e-02 1.000000000000000000e+00 5.000000000000000000e+00 1.000000000000000000e+01 2.000000000000000000e+01 4.000000000000000000e+01 8.000000000000000000e+01 1.000000000000000000e+00 5.000000000000000000e+00 1.000000000000000000e+01 2.000000000000000000e+01 4.000000000000000000e+01 8.000000000000000000e+01 1.000000000000000000e+00 4.765556189593493364e-01 4.349251342399990672e-01 5.208968129071257502e-01 6.960478634159938949e-01 7.997398545316842799e-01 8.410229133575823912e-01
-2.799999999999999711e-02 1.000000000000000000e+00 5.000000000000000000e+00 1.000000000000000000e+01 2.000000000000000000e+01 4.000000000000000000e+01 8.000000000000000000e+01 1.000000000000000000e+00 5.000000000000000000e+00 1.000000000000000000e+01 2.000000000000000000e+01 4.000000000000000000e+01 8.000000000000000000e+01 1.000000000000000000e+00 4.766011440463060467e-01 4.358310299310765856e-01 5.220653373190089486e-01 6.960977426614237684e-01 7.998565581146859227e-01 8.411325916361968025e-01
-2.600000000000000921e-02 1.000000000000000000e+00 5.000000000000000000e+00 1.000000000000000000e+01 2.000000000000000000e+01 4.000000000000000000e+01 8.000000000000000000e+01 1.000000000000000000e+00 5.000000000000000000e+00 1.000000000000000000e+01 2.000000000000000000e+01 4.000000000000000000e+01 8.000000000000000000e+01 1.000000000000000000e+00 4.767589770040449593e-01 4.367303899278972557e-01 5.224492115099158562e-01 6.960199676797399482e-01 7.999248944588959187e-01 8.412293643462649406e-01
-2.400000000000000744e-02 1.000000000000000000e+00 5.000000000000000000e+00 1.000000000000000000e+01 2.000000000000000000e+01 4.000000000000000000e+01 8.000000000000000000e+01 1.000000000000000000e+00 5.000000000000000000e+00 1.000000000000000000e+01 2.000000000000000000e+01 4.000000000000000000e+01 8.000000000000000000e+01 1.000000000000000000e+00 4.768282998923015770e-01 4.377322482385057612e-01 5.236271530871610125e-01 6.961486122161516521e-01 7.999884188228328918e-01 8.413096689679289142e-01
-2.200000000000000566e-02 1.000000000000000000e+00 5.000000000000000000e+00 1.000000000000000000e+01 2.000000000000000000e+01 4.000000000000000000e+01 8.000000000000000000e+01 1.000000000000000000e+00 5.000000000000000000e+00 1.000000000000000000e+01 2.000000000000000000e+01 4.000000000000000000e+01 8.000000000000000000e+01 1.000000000000000000e+00 4.769299917750422502e-01 4.387927796215148057e-01 5.249422647662722596e-01 6.963239404600627402e-01 8.000147197816096512e-01 8.413726329414761285e-01
-2.000000000000000389e-02 1.000000000000000000e+00 5.000000000000000000e+00 1.000000000000000000e+01 2.000000000000000000e+01 4.000000000000000000e+01 8.000000000000000000e+01 1.000000000000000000e+00 5.000000000000000000e+00 1.000000000000000000e+01 2.000000000000000000e+01 4.000000000000000000e+01 8.000000000000000000e+01 1.000000000000000000e+00 4.768215849316966293e-01 4.401950028098616796e-01 5.262190125039107880e-01 6.961460375374702858e-01 7.998877723908046633e-01 8.413296957644399443e-01
-1.800000000000000211e-02 1.000000000000000000e+00 5.000000000000000000e+00 1.000000000000000000e+01 2.000000000000000000e+01 4.000000000000000000e+01 8.000000000000000000e+01 1.000000000000000000e+00 5.000000000000000000e+00 1.000000000000000000e+01 2.000000000000000000e+01 4.000000000000000000e+01 8.000000000000000000e+01 1.000000000000000000e+00 4.769537979041255094e-01 4.413917836063822597e-01 5.275654406518057726e-01 6.962784032559836689e-01 7.998527360250075047e-01 8.413705783125993154e-01
-1.600000000000000033e-02 1.000000000000000000e+00 5.000000000000000000e+00 1.000000000000000000e+01 2.000000000000000000e+01 4.000000000000000000e+01 8.000000000000000000e+01 1.000000000000000000e+00 5.000000000000000000e+00 1.000000000000000000e+01 2.000000000000000000e+01 4.000000000000000000e+01 8.000000000000000000e+01 1.000000000000000000e+00 4.770530331401705570e-01 4.424522011758255657e-01 5.288578490279307598e-01 6.963358694657055814e-01 7.998195299429676774e-01 8.413945565294274065e-01
-1.399999999999999856e-02 1.000000000000000000e+00 5.000000000000000000e+00 1.000000000000000000e+01 2.000000000000000000e+01 4.000000000000000000e+01 8.000000000000000000e+01 1.000000000000000000e+00 5.000000000000000000e+00 1.000000000000000000e+01 2.000000000000000000e+01 4.000000000000000000e+01 8.000000000000000000e+01 1.000000000000000000e+00 4.771607835881189197e-01 4.438718778869709114e-01 5.302539946528362913e-01 6.965423167849120745e-01 7.998600666282480454e-01 8.414131623579185204e-01
-1.200000000000001066e-02 1.000000000000000000e+00 5.000000000000000000e+00 1.000000000000000000e+01 2.000000000000000000e+01 4.000000000000000000e+01 8.000000000000000000e+01 1.000000000000000000e+00 5.000000000000000000e+00 1.000000000000000000e+01 2.000000000000000000e+01 4.000000000000000000e+01 8.000000000000000000e+01 1.000000000000000000e+00 4.771538162136642058e-01 4.446463105186969078e-01 5.312597949855448753e-01 6.964353319341455295e-01 7.997557698267075965e-01 8.414207790052232738e-01
-1.000000000000000888e-02 1.000000000000000000e+00 5.000000000000000000e+00 1.000000000000000000e+01 2.000000000000000000e+01 4.000000000000000000e+01 8.000000000000000000e+01 1.000000000000000000e+00 5.000000000000000000e+00 1.000000000000000000e+01 2.000000000000000000e+01 4.000000000000000000e+01 8.000000000000000000e+01 1.000000000000000000e+00 4.761560705533444127e-01 4.436772645108727486e-01 5.307465021175273856e-01 6.960948922624180524e-01 7.996517417928264981e-01 8.414177207921038626e-01
-8.000000000000007105e-03 1.000000000000000000e+00 5.000000000000000000e+00 1.000000000000000000e+01 2.000000000000000000e+01 4.000000000000000000e+01 8.000000000000000000e+01 1.000000000000000000e+00 5.000000000000000000e+00 1.000000000000000000e+01 2.000000000000000000e+01 4.000000000000000000e+01 8.000000000000000000e+01 1.000000000000000000e+00 4.742976809717354691e-01 4.417421456709527683e-01 5.307767285008172520e-01 6.960971884424451694e-01 7.995853417340812452e-01 8.413972196593464403e-01
-6.000000000000005329e-03 1.000000000000000000e+00 5.000000000000000000e+00 1.000000000000000000e+01 2.000000000000000000e+01 4.000000000000000000e+01 8.000000000000000000e+01 1.000000000000000000e+00 5.000000000000000000e+00 1.000000000000000000e+01 2.000000000000000000e+01 4.000000000000000000e+01 8.000000000000000000e+01 1.000000000000000000e+00 4.746141477367502581e-01 4.439886683740412732e-01 5.321851976714123689e-01 6.967789704031797093e-01 7.994600612996956013e-01 8.413794437152825045e-01
-4.000000000000003553e-03 1.000000000000000000e+00 5.000000000000000000e+00 1.000000000000000000e+01 2.000000000000000000e+01 4.000000000000000000e+01 8.000000000000000000e+01 1.000000000000000000e+00 5.000000000000000000e+00 1.000000000000000000e+01 2.000000000000000000e+01 4.000000000000000000e+01 8.000000000000000000e+01 1.000000000000000000e+00 4.749017123632964243e-01 4.457950979907926992e-01 5.339815485693513164e-01 6.968502111760761508e-01 7.992701783730984388e-01 8.413574475862305446e-01
-2.000000000000001776e-03 1.000000000000000000e+00 5.000000000000000000e+00 1.000000000000000000e+01 2.000000000000000000e+01 4.000000000000000000e+01 8.000000000000000000e+01 1.000000000000000000e+00 5.000000000000000000e+00 1.000000000000000000e+01 2.000000000000000000e+01 4.000000000000000000e+01 8.000000000000000000e+01 1.000000000000000000e+00 4.751635296205329873e-01 4.473732429366800711e-01 5.353148600344478369e-01 6.968309899451357037e-01 7.990293571409412543e-01 8.413312977377008783e-01
0.000000000000000000e+00 1.000000000000000000e+00 5.000000000000000000e+00 1.000000000000000000e+01 2.000000000000000000e+01 4.000000000000000000e+01 8.000000000000000000e+01 1.000000000000000000e+00 5.000000000000000000e+00 1.000000000000000000e+01 2.000000000000000000e+01 4.000000000000000000e+01 8.000000000000000000e+01 1.000000000000000000e+00 4.754234790743224193e-01 4.488908393192727053e-01 5.363037729212353222e-01 6.966181460821621041e-01 7.988126326927653675e-01 8.413323965732146803e-01
2.000000000000001776e-03 1.000000000000000000e+00 5.000000000000000000e+00 1.000000000000000000e+01 2.000000000000000000e+01 4.000000000000000000e+01 8.000000000000000000e+01 1.000000000000000000e+00 5.000000000000000000e+00 1.000000000000000000e+01 2.000000000000000000e+01 4.000000000000000000e+01 8.000000000000000000e+01 1.000000000000000000e+00 4.756353833780509466e-01 4.497584008277849543e-01 5.369065207439337462e-01 6.964312282556587297e-01 7.985686128410220963e-01 8.412906360162516473e-01
4.000000000000003553e-03 1.000000000000000000e+00 5.000000000000000000e+00 1.000000000000000000e+01 2.000000000000000000e+01 4.000000000000000000e+01 8.000000000000000000e+01 1.000000000000000000e+00 5.000000000000000000e+00 1.000000000000000000e+01 2.000000000000000000e+01 4.000000000000000000e+01 8.000000000000000000e+01 1.000000000000000000e+00 4.758113676524290958e-01 4.508030576002763912e-01 5.373976781063551922e-01 6.961503553227563756e-01 7.982605114346777997e-01 8.412431235985906586e-01
5.999999999999991451e-03 1.000000000000000000e+00 5.000000000000000000e+00 1.000000000000000000e+01 2.000000000000000000e+01 4.000000000000000000e+01 8.000000000000000000e+01 1.000000000000000000e+00 5.000000000000000000e+00 1.000000000000000000e+01 2.000000000000000000e+01 4.000000000000000000e+01 8.000000000000000000e+01 1.000000000000000000e+00 5.274184523473240960e-01 6.507874628820349283e-01 7.216553584228689866e-01 7.734968669301351962e-01 8.203306470667346417e-01 8.431278945520507273e-01
7.999999999999993228e-03 1.000000000000000000e+00 5.000000000000000000e+00 1.000000000000000000e+01 2.000000000000000000e+01 4.000000000000000000e+01 8.000000000000000000e+01 1.000000000000000000e+00 5.000000000000000000e+00 1.000000000000000000e+01 2.000000000000000000e+01 4.000000000000000000e+01 8.000000000000000000e+01 1.000000000000000000e+00 5.204965342088211377e-01 6.363731988053797917e-01 7.144733854590398225e-01 7.703247638041573753e-01 8.192453170800177986e-01 8.430242578651586660e-01
9.999999999999995004e-03 1.000000000000000000e+00 5.000000000000000000e+00 1.000000000000000000e+01 2.000000000000000000e+01 4.000000000000000000e+01 8.000000000000000000e+01 1.000000000000000000e+00 5.000000000000000000e+00 1.000000000000000000e+01 2.000000000000000000e+01 4.000000000000000000e+01 8.000000000000000000e+01 1.000000000000000000e+00 5.135318072302311743e-01 6.208164112877945229e-01 7.065968098924556573e-01 7.670381756223140224e-01 8.181388651950453061e-01 8.429160530139875318e-01
1.199999999999999678e-02 1.000000000000000000e+00 5.000000000000000000e+00 1.000000000000000000e+01 2.000000000000000000e+01 4.000000000000000000e+01 8.000000000000000000e+01 1.000000000000000000e+00 5.000000000000000000e+00 1.000000000000000000e+01 2.000000000000000000e+01 4.000000000000000000e+01 8.000000000000000000e+01 1.000000000000000000e+00 5.066105606750086476e-01 6.037994968301060306e-01 6.979441499865599585e-01 7.636173723377047695e-01 8.169951146982048495e-01 8.428077204310924220e-01
1.399999999999999856e-02 1.000000000000000000e+00 5.000000000000000000e+00 1.000000000000000000e+01 2.000000000000000000e+01 4.000000000000000000e+01 8.000000000000000000e+01 1.000000000000000000e+00 5.000000000000000000e+00 1.000000000000000000e+01 2.000000000000000000e+01 4.000000000000000000e+01 8.000000000000000000e+01 1.000000000000000000e+00 4.995835820492382506e-01 5.848849544114020915e-01 6.888601967926345493e-01 7.597619726613737967e-01 8.158551152290136610e-01 8.426981648171008032e-01
1.600000000000000033e-02 1.000000000000000000e+00 5.000000000000000000e+00 1.000000000000000000e+01 2.000000000000000000e+01 4.000000000000000000e+01 8.000000000000000000e+01 1.000000000000000000e+00 5.000000000000000000e+00 1.000000000000000000e+01 2.000000000000000000e+01 4.000000000000000000e+01 8.000000000000000000e+01 1.000000000000000000e+00 4.928769362348973115e-01 5.655241404791372384e-01 6.786825172886852275e-01 7.560588120008738811e-01 8.146977287771679510e-01 8.425860952187045338e-01
1.800000000000000211e-02 1.000000000000000000e+00 5.000000000000000000e+00 1.000000000000000000e+01 2.000000000000000000e+01 4.000000000000000000e+01 8.000000000000000000e+01 1.000000000000000000e+00 5.000000000000000000e+00 1.000000000000000000e+01 2.000000000000000000e+01 4.000000000000000000e+01 8.000000000000000000e+01 1.000000000000000000e+00 4.863254212916672259e-01 5.457155000290353497e-01 6.682391501509342691e-01 7.524004032109707918e-01 8.135447453048267885e-01 8.424713313492692146e-01
1.999999999999999001e-02 1.000000000000000000e+00 5.000000000000000000e+00 1.000000000000000000e+01 2.000000000000000000e+01 4.000000000000000000e+01 8.000000000000000000e+01 1.000000000000000000e+00 5.000000000000000000e+00 1.000000000000000000e+01 2.000000000000000000e+01 4.000000000000000000e+01 8.000000000000000000e+01 1.000000000000000000e+00 4.799990472536989072e-01 5.265655522383263509e-01 6.576401716250540597e-01 7.490086086260038245e-01 8.125913273662527248e-01 8.423975813226632914e-01
2.199999999999999178e-02 1.000000000000000000e+00 5.000000000000000000e+00 1.000000000000000000e+01 2.000000000000000000e+01 4.000000000000000000e+01 8.000000000000000000e+01 1.000000000000000000e+00 5.000000000000000000e+00 1.000000000000000000e+01 2.000000000000000000e+01 4.000000000000000000e+01 8.000000000000000000e+01 1.000000000000000000e+00 4.737860569565367497e-01 5.075530868234713333e-01 6.474337231489878386e-01 7.459233597108088087e-01 8.115408382427463652e-01 8.422838945133181987e-01
2.399999999999999356e-02 1.000000000000000000e+00 5.000000000000000000e+00 1.000000000000000000e+01 2.000000000000000000e+01 4.000000000000000000e+01 8.000000000000000000e+01 1.000000000000000000e+00 5.000000000000000000e+00 1.000000000000000000e+01 2.000000000000000000e+01 4.000000000000000000e+01 8.000000000000000000e+01 1.000000000000000000e+00 4.679503053765775578e-01 4.919727014513907148e-01 6.373779687460796595e-01 7.432725313232474429e-01 8.106139179270765993e-01 8.421738703027733530e-01
2.599999999999999534e-02 1.000000000000000000e+00 5.000000000000000000e+00 1.000000000000000000e+01 2.000000000000000000e+01 4.000000000000000000e+01 8.000000000000000000e+01 1.000000000000000000e+00 5.000000000000000000e+00 1.000000000000000000e+01 2.000000000000000000e+01 4.000000000000000000e+01 8.000000000000000000e+01 1.000000000000000000e+00 4.632801094644333761e-01 4.814479527334243336e-01 6.279010940018592279e-01 7.409998173458725024e-01 8.098549992313260892e-01 8.420475844335636451e-01
2.799999999999999711e-02 1.000000000000000000e+00 5.000000000000000000e+00 1.000000000000000000e+01 2.000000000000000000e+01 4.000000000000000000e+01 8.000000000000000000e+01 1.000000000000000000e+00 5.000000000000000000e+00 1.000000000000000000e+01 2.000000000000000000e+01 4.000000000000000000e+01 8.000000000000000000e+01 1.000000000000000000e+00 4.611801591811218737e-01 4.750913895726127656e-01 6.187387528095088518e-01 7.387995150308718229e-01 8.091833463009540095e-01 8.419505304447871818e-01
2.999999999999999889e-02 1.000000000000000000e+00 5.000000000000000000e+00 1.000000000000000000e+01 2.000000000000000000e+01 4.000000000000000000e+01 8.000000000000000000e+01 1.000000000000000000e+00 5.000000000000000000e+00 1.000000000000000000e+01 2.000000000000000000e+01 4.000000000000000000e+01 8.000000000000000000e+01 1.000000000000000000e+00 4.614237265068403815e-01 4.714861355014784983e-01 6.111569572062109934e-01 7.368087417094655311e-01 8.086035212892759283e-01 8.418632698349660659e-01
3.200000000000000067e-02 1.000000000000000000e+00 5.000000000000000000e+00 1.000000000000000000e+01 2.000000000000000000e+01 4.000000000000000000e+01 8.000000000000000000e+01 1.000000000000000000e+00 5.000000000000000000e+00 1.000000000000000000e+01 2.000000000000000000e+01 4.000000000000000000e+01 8.000000000000000000e+01 1.000000000000000000e+00 4.620312261423840106e-01 4.690499453747248304e-01 6.052372653299342709e-01 7.348348217525177972e-01 8.081089672248812361e-01 8.417544054492833716e-01
3.400000000000000244e-02 1.000000000000000000e+00 5.000000000000000000e+00 1.000000000000000000e+01 2.000000000000000000e+01 4.000000000000000000e+01 8.000000000000000000e+01 1.000000000000000000e+00 5.000000000000000000e+00 1.000000000000000000e+01 2.000000000000000000e+01 4.000000000000000000e+01 8.000000000000000000e+01 1.000000000000000000e+00 4.627769971523050252e-01 4.672629134657714789e-01 6.005309811726003977e-01 7.330756652174544863e-01 8.076884214471585777e-01 8.416794860180260018e-01
3.600000000000000422e-02 1.000000000000000000e+00 5.000000000000000000e+00 1.000000000000000000e+01 2.000000000000000000e+01 4.000000000000000000e+01 8.000000000000000000e+01 1.000000000000000000e+00 5.000000000000000000e+00 1.000000000000000000e+01 2.000000000000000000e+01 4.000000000000000000e+01 8.000000000000000000e+01 1.000000000000000000e+00 4.633366246807303357e-01 4.650368144074394916e-01 5.968557959080257325e-01 7.315448298830120599e-01 8.073475804479955942e-01 8.416110178481897020e-01
3.800000000000000600e-02 1.000000000000000000e+00 5.000000000000000000e+00 1.000000000000000000e+01 2.000000000000000000e+01 4.000000000000000000e+01 8.000000000000000000e+01 1.000000000000000000e+00 5.000000000000000000e+00 1.000000000000000000e+01 2.000000000000000000e+01 4.000000000000000000e+01 8.000000000000000000e+01 1.000000000000000000e+00 4.638618675207925590e-01 4.627343573110369035e-01 5.933115629718362927e-01 7.304265473317373969e-01 8.070952059629004083e-01 8.415564272965333492e-01
4.000000000000000777e-02 1.000000000000000000e+00 5.000000000000000000e+00 1.000000000000000000e+01 2.000000000000000000e+01 4.000000000000000000e+01 8.000000000000000000e+01 1.000000000000000000e+00 5.000000000000000000e+00 1.000000000000000000e+01 2.000000000000000000e+01 4.000000000000000000e+01 8.000000000000000000e+01 1.000000000000000000e+00 4.643104144526254418e-01 4.603446290253245254e-01 5.899961304452232547e-01 7.299749248898078635e-01 8.067768054160904256e-01 8.415678106347084242e-01
4.200000000000000955e-02 1.000000000000000000e+00 5.000000000000000000e+00 1.000000000000000000e+01 2.000000000000000000e+01 4.000000000000000000e+01 8.000000000000000000e+01 1.000000000000000000e+00 5.000000000000000000e+00 1.000000000000000000e+01 2.000000000000000000e+01 4.000000000000000000e+01 8.000000000000000000e+01 1.000000000000000000e+00 4.647719849084384625e-01 4.579052841664377205e-01 5.860238260879245820e-01 7.289772865936607893e-01 8.066230714465802976e-01 8.415312176424873947e-01
4.400000000000001132e-02 1.000000000000000000e+00 5.000000000000000000e+00 1.000000000000000000e+01 2.000000000000000000e+01 4.000000000000000000e+01 8.000000000000000000e+01 1.000000000000000000e+00 5.000000000000000000e+00 1.000000000000000000e+01 2.000000000000000000e+01 4.000000000000000000e+01 8.000000000000000000e+01 1.000000000000000000e+00 4.652082141184291642e-01 4.554292747242643657e-01 5.818495791528238703e-01 7.279452442198760531e-01 8.065131580579524284e-01 8.415064576843568345e-01
4.599999999999998535e-02 1.000000000000000000e+00 5.000000000000000000e+00 1.000000000000000000e+01 2.000000000000000000e+01 4.000000000000000000e+01 8.000000000000000000e+01 1.000000000000000000e+00 5.000000000000000000e+00 1.000000000000000000e+01 2.000000000000000000e+01 4.000000000000000000e+01 8.000000000000000000e+01 1.000000000000000000e+00 4.656356602535605682e-01 4.530377642813975259e-01 5.779881124873392784e-01 7.266930565329949854e-01 8.063853295469436411e-01 8.414552039946120443e-01
4.799999999999998712e-02 1.000000000000000000e+00 5.000000000000000000e+00 1.000000000000000000e+01 2.000000000000000000e+01 4.000000000000000000e+01 8.000000000000000000e+01 1.000000000000000000e+00 5.000000000000000000e+00 1.000000000000000000e+01 2.000000000000000000e+01 4.000000000000000000e+01 8.000000000000000000e+01 1.000000000000000000e+00 4.657628562176387432e-01 4.509028253837695788e-01 5.736759978291556816e-01 7.255082208888424811e-01 8.063087627326124274e-01 8.414477373261671778e-01
4.999999999999998890e-02 1.000000000000000000e+00 5.000000000000000000e+00 1.000000000000000000e+01 2.000000000000000000e+01 4.000000000000000000e+01 8.000000000000000000e+01 1.000000000000000000e+00 5.000000000000000000e+00 1.000000000000000000e+01 2.000000000000000000e+01 4.000000000000000000e+01 8.000000000000000000e+01 1.000000000000000000e+00 4.661770027959701301e-01 4.488869486675505782e-01 5.695922116963032522e-01 7.243032949136222198e-01 8.062525408760375933e-01 8.414466771678842383e-01
5.199999999999999067e-02 1.000000000000000000e+00 5.000000000000000000e+00 1.000000000000000000e+01 2.000000000000000000e+01 4.000000000000000000e+01 8.000000000000000000e+01 1.000000000000000000e+00 5.000000000000000000e+00 1.000000000000000000e+01 2.000000000000000000e+01 4.000000000000000000e+01 8.000000000000000000e+01 1.000000000000000000e+00 4.665525279094384081e-01 4.471610314953526344e-01 5.658576309243402713e-01 7.229600468424745019e-01 8.062582615904965166e-01 8.414496220379241720e-01
5.399999999999999245e-02 1.000000000000000000e+00 5.000000000000000000e+00 1.000000000000000000e+01 2.000000000000000000e+01 4.000000000000000000e+01 8.000000000000000000e+01 1.000000000000000000e+00 5.000000000000000000e+00 1.000000000000000000e+01 2.000000000000000000e+01 4.000000000000000000e+01 8.000000000000000000e+01 1.000000000000000000e+00 4.670388731155060702e-01 4.453001406061350420e-01 5.623044862546117129e-01 7.216871072255894859e-01 8.062364710086405983e-01 8.414630396716240579e-01
5.599999999999999423e-02 1.000000000000000000e+00 5.000000000000000000e+00 1.000000000000000000e+01 2.000000000000000000e+01 4.000000000000000000e+01 8.000000000000000000e+01 1.000000000000000000e+00 5.000000000000000000e+00 1.000000000000000000e+01 2.000000000000000000e+01 4.000000000000000000e+01 8.000000000000000000e+01 1.000000000000000000e+00 4.674018382512510339e-01 4.436631517344379327e-01 5.587080349164617044e-01 7.204980648633165785e-01 8.062159907909433043e-01 8.414812635378040584e-01
5.799999999999999600e-02 1.000000000000000000e+00 5.000000000000000000e+00 1.000000000000000000e+01 2.000000000000000000e+01 4.000000000000000000e+01 8.000000000000000000e+01 1.000000000000000000e+00 5.000000000000000000e+00 1.000000000000000000e+01 2.000000000000000000e+01 4.000000000000000000e+01 8.000000000000000000e+01 1.000000000000000000e+00 4.677532333273130560e-01 4.417794878827732696e-01 5.550046706945478414e-01 7.193502651345771159e-01 8.062025782195035850e-01 8.415114621986574672e-01
5.999999999999999778e-02 1.000000000000000000e+00 5.000000000000000000e+00 1.000000000000000000e+01 2.000000000000000000e+01 4.000000000000000000e+01 8.000000000000000000e+01 1.000000000000000000e+00 5.000000000000000000e+00 1.000000000000000000e+01 2.000000000000000000e+01 4.000000000000000000e+01 8.000000000000000000e+01 1.000000000000000000e+00 4.680880680126383586e-01 4.398661162048931872e-01 5.505201314942010926e-01 7.175826884828316876e-01 8.062989987108927226e-01 8.415993564779068459e-01
6.199999999999999956e-02 1.000000000000000000e+00 5.000000000000000000e+00 1.000000000000000000e+01 2.000000000000000000e+01 4.000000000000000000e+01 8.000000000000000000e+01 1.000000000000000000e+00 5.000000000000000000e+00 1.000000000000000000e+01 2.000000000000000000e+01 4.000000000000000000e+01 8.000000000000000000e+01 1.000000000000000000e+00 4.683832040006041808e-01 4.377750895346221860e-01 5.466879124025030290e-01 7.164030243592075520e-01 8.062921760591650333e-01 8.416315862313649143e-01
6.400000000000000133e-02 1.000000000000000000e+00 5.000000000000000000e+00 1.000000000000000000e+01 2.000000000000000000e+01 4.000000000000000000e+01 8.000000000000000000e+01 1.000000000000000000e+00 5.000000000000000000e+00 1.000000000000000000e+01 2.000000000000000000e+01 4.000000000000000000e+01 8.000000000000000000e+01 1.000000000000000000e+00 4.686322877340522441e-01 4.356782387583039151e-01 5.429087363011765310e-01 7.152655374804592903e-01 8.062767033717751497e-01 8.416693517812571246e-01
6.600000000000000311e-02 1.000000000000000000e+00 5.000000000000000000e+00 1.000000000000000000e+01 2.000000000000000000e+01 4.000000000000000000e+01 8.000000000000000000e+01 1.000000000000000000e+00 5.000000000000000000e+00 1.000000000000000000e+01 2.000000000000000000e+01 4.000000000000000000e+01 8.000000000000000000e+01 1.000000000000000000e+00 4.688752143029873976e-01 4.337920349030333633e-01 5.387362242225852693e-01 7.139055656941424299e-01 8.062949744438765443e-01 8.416731808275377258e-01
6.800000000000000488e-02 1.000000000000000000e+00 5.000000000000000000e+00 1.000000000000000000e+01 2.000000000000000000e+01 4.000000000000000000e+01 8.000000000000000000e+01 1.000000000000000000e+00 5.000000000000000000e+00 1.000000000000000000e+01 2.000000000000000000e+01 4.000000000000000000e+01 8.000000000000000000e+01 1.000000000000000000e+00 4.691020710162902008e-01 4.314754345042588479e-01 5.352070102109640626e-01 7.126953019430934955e-01 8.062668836649324877e-01 8.417100014743871261e-01
7.000000000000000666e-02 1.000000000000000000e+00 5.000000000000000000e+00 1.000000000000000000e+01 2.000000000000000000e+01 4.000000000000000000e+01 8.000000000000000000e+01 1.000000000000000000e+00 5.000000000000000000e+00 1.000000000000000000e+01 2.000000000000000000e+01 4.000000000000000000e+01 8.000000000000000000e+01 1.000000000000000000e+00 4.693454274911877389e-01 4.297581149441470072e-01 5.316428989140187245e-01 7.114904503620040899e-01 8.062227731069718795e-01 8.417523162825225613e-01
7.200000000000000844e-02 1.000000000000000000e+00 5.000000000000000000e+00 1.000000000000000000e+01 2.000000000000000000e+01 4.000000000000000000e+01 8.000000000000000000e+01 1.000000000000000000e+00 5.000000000000000000e+00 1.000000000000000000e+01 2.000000000000000000e+01 4.000000000000000000e+01 8.000000000000000000e+01 1.000000000000000000e+00 4.695700733763826795e-01 4.281621124853819960e-01 5.283212282293456852e-01 7.104059727425825477e-01 8.062380552116216181e-01 8.418036752031977654e-01
7.400000000000001021e-02 1.000000000000000000e+00 5.000000000000000000e+00 1.000000000000000000e+01 2.000000000000000000e+01 4.000000000000000000e+01 8.000000000000000000e+01 1.000000000000000000e+00 5.000000000000000000e+00 1.000000000000000000e+01 2.000000000000000000e+01 4.000000000000000000e+01 8.000000000000000000e+01 1.000000000000000000e+00 4.697510754458891769e-01 4.267506856433785356e-01 5.256649115220423107e-01 7.098340695928061495e-01 8.062342017732614385e-01 8.418451535830702159e-01
7.599999999999998423e-02 1.000000000000000000e+00 5.000000000000000000e+00 1.000000000000000000e+01 2.000000000000000000e+01 4.000000000000000000e+01 8.000000000000000000e+01 1.000000000000000000e+00 5.000000000000000000e+00 1.000000000000000000e+01 2.000000000000000000e+01 4.000000000000000000e+01 8.000000000000000000e+01 1.000000000000000000e+00 4.699818842346037973e-01 4.254145183061392999e-01 5.225640639909101548e-01 7.087340590328584655e-01 8.062026881253530064e-01 8.418856334708081368e-01
7.799999999999998601e-02 1.000000000000000000e+00 5.000000000000000000e+00 1.000000000000000000e+01 2.000000000000000000e+01 4.000000000000000000e+01 8.000000000000000000e+01 1.000000000000000000e+00 5.000000000000000000e+00 1.000000000000000000e+01 2.000000000000000000e+01 4.000000000000000000e+01 8.000000000000000000e+01 1.000000000000000000e+00 4.702085557269262694e-01 4.241094355688768691e-01 5.195718677734546542e-01 7.076870335199474393e-01 8.061881494447618035e-01 8.419326699025223570e-01
7.999999999999998779e-02 1.000000000000000000e+00 5.000000000000000000e+00 1.000000000000000000e+01 2.000000000000000000e+01 4.000000000000000000e+01 8.000000000000000000e+01 1.000000000000000000e+00 5.000000000000000000e+00 1.000000000000000000e+01 2.000000000000000000e+01 4.000000000000000000e+01 8.000000000000000000e+01 1.000000000000000000e+00 4.705609516297447059e-01 4.230576095982018225e-01 5.172062657851990153e-01 7.071439469875944184e-01 8.059591790041308323e-01 8.419604373902760397e-01
8.199999999999998956e-02 1.000000000000000000e+00 5.000000000000000000e+00 1.000000000000000000e+01 2.000000000000000000e+01 4.000000000000000000e+01 8.000000000000000000e+01 1.000000000000000000e+00 5.000000000000000000e+00 1.000000000000000000e+01 2.000000000000000000e+01 4.000000000000000000e+01 8.000000000000000000e+01 1.000000000000000000e+00 4.707658675211495169e-01 4.220236568870508465e-01 5.145859462726785072e-01 7.061977062611327627e-01 8.059252236828758909e-01 8.420027039471009722e-01
8.399999999999999134e-02 1.000000000000000000e+00 5.000000000000000000e+00 1.000000000000000000e+01 2.000000000000000000e+01 4.000000000000000000e+01 8.000000000000000000e+01 1.000000000000000000e+00 5.000000000000000000e+00 1.000000000000000000e+01 2.000000000000000000e+01 4.000000000000000000e+01 8.000000000000000000e+01 1.000000000000000000e+00 4.709622411881502768e-01 4.209565416875220567e-01 5.120248977846002525e-01 7.052922734516808845e-01 8.058995915702055202e-01 8.420405516245830224e-01
8.599999999999999312e-02 1.000000000000000000e+00 5.000000000000000000e+00 1.000000000000000000e+01 2.000000000000000000e+01 4.000000000000000000e+01 8.000000000000000000e+01 1.000000000000000000e+00 5.000000000000000000e+00 1.000000000000000000e+01 2.000000000000000000e+01 4.000000000000000000e+01 8.000000000000000000e+01 1.000000000000000000e+00 4.711514270887939282e-01 4.199908559895590976e-01 5.096522413999601264e-01 7.042266781180295254e-01 8.059159455834622454e-01 8.420883310350091300e-01
8.799999999999999489e-02 1.000000000000000000e+00 5.000000000000000000e+00 1.000000000000000000e+01 2.000000000000000000e+01 4.000000000000000000e+01 8.000000000000000000e+01 1.000000000000000000e+00 5.000000000000000000e+00 1.000000000000000000e+01 2.000000000000000000e+01 4.000000000000000000e+01 8.000000000000000000e+01 1.000000000000000000e+00 4.711508289775994673e-01 4.182809397245189631e-01 5.072628126737667165e-01 7.033280283125452614e-01 8.059054308757338525e-01 8.421252841216378959e-01
8.999999999999999667e-02 1.000000000000000000e+00 5.000000000000000000e+00 1.000000000000000000e+01 2.000000000000000000e+01 4.000000000000000000e+01 8.000000000000000000e+01 1.000000000000000000e+00 5.000000000000000000e+00 1.000000000000000000e+01 2.000000000000000000e+01 4.000000000000000000e+01 8.000000000000000000e+01 1.000000000000000000e+00 4.713246216367040775e-01 4.173937936634802282e-01 5.049895022375381348e-01 7.024280423935953532e-01 8.058935692698920850e-01 8.421616502612154775e-01
9.199999999999999845e-02 1.000000000000000000e+00 5.000000000000000000e+00 1.000000000000000000e+01 2.000000000000000000e+01 4.000000000000000000e+01 8.000000000000000000e+01 1.000000000000000000e+00 5.000000000000000000e+00 1.000000000000000000e+01 2.000000000000000000e+01 4.000000000000000000e+01 8.000000000000000000e+01 1.000000000000000000e+00 4.715040006163577213e-01 4.166199964565719949e-01 5.029050534826384755e-01 7.015799377483628030e-01 8.059268016571182747e-01 8.421888891176655401e-01
9.400000000000000022e-02 1.000000000000000000e+00 5.000000000000000000e+00 1.000000000000000000e+01 2.000000000000000000e+01 4.000000000000000000e+01 8.000000000000000000e+01 1.000000000000000000e+00 5.000000000000000000e+00 1.000000000000000000e+01 2.000000000000000000e+01 4.000000000000000000e+01 8.000000000000000000e+01 1.000000000000000000e+00 4.718161437973845684e-01 4.171037211471849138e-01 4.995333311921576480e-01 7.001988070669658004e-01 8.058871476837210501e-01 8.422235843168226488e-01
9.600000000000000200e-02 1.000000000000000000e+00 5.000000000000000000e+00 1.000000000000000000e+01 2.000000000000000000e+01 4.000000000000000000e+01 8.000000000000000000e+01 1.000000000000000000e+00 5.000000000000000000e+00 1.000000000000000000e+01 2.000000000000000000e+01 4.000000000000000000e+01 8.000000000000000000e+01 1.000000000000000000e+00 4.719797597916955967e-01 4.164598833018507973e-01 4.977481148929819299e-01 6.994419304148953298e-01 8.058832077731742372e-01 8.422537347378536987e-01
9.800000000000000377e-02 1.000000000000000000e+00 5.000000000000000000e+00 1.000000000000000000e+01 2.000000000000000000e+01 4.000000000000000000e+01 8.000000000000000000e+01 1.000000000000000000e+00 5.000000000000000000e+00 1.000000000000000000e+01 2.000000000000000000e+01 4.000000000000000000e+01 8.000000000000000000e+01 1.000000000000000000e+00 4.721461296774150385e-01 4.158525824343515254e-01 4.960232283485122018e-01 6.987309129659666773e-01 8.058377701967932571e-01 8.422844408247975867e-01
1.000000000000000056e-01 1.000000000000000000e+00 5.000000000000000000e+00 1.000000000000000000e+01 2.000000000000000000e+01 4.000000000000000000e+01 8.000000000000000000e+01 1.000000000000000000e+00 5.000000000000000000e+00 1.000000000000000000e+01 2.000000000000000000e+01 4.000000000000000000e+01 8.000000000000000000e+01 1.000000000000000000e+00 4.720890996125075567e-01 4.144788943218253863e-01 4.958847773202321174e-01 6.985769067709691749e-01 8.056898206933141848e-01 8.422811644505298068e-01
