-1.000000000000000021e-02 -1.000000000000000021e-02 0.000000000000000000e+00 1.000000000000000021e-02 1.000000000000000021e-02 1.000000000000000000e+00 1.000000000000000000e+00 4.000000000000000222e-01 2.000000000000000111e-01 0.000000000000000000e+00 2.000000000000000111e-01 4.000000000000000222e-01 4.846041327646002372e-01 4.879124033977701447e-01 4.916744238605502693e-01 4.945162885147488807e-01 4.974351250222776577e-01
-1.000000000000000021e-02 -1.000000000000000021e-02 0.000000000000000000e+00 1.000000000000000021e-02 1.000000000000000021e-02 1.663865546218487257e+00 1.663865546218487257e+00 4.000000000000000222e-01 2.000000000000000111e-01 0.000000000000000000e+00 2.000000000000000111e-01 4.000000000000000222e-01 4.769234150295880714e-01 4.806214660516775483e-01 4.848661780594724635e-01 4.920121971255503879e-01 4.990620998404872166e-01
-1.000000000000000021e-02 -1.000000000000000021e-02 0.000000000000000000e+00 1.000000000000000021e-02 1.000000000000000021e-02 2.327731092436974514e+00 2.327731092436974514e+00 4.000000000000000222e-01 2.000000000000000111e-01 0.000000000000000000e+00 2.000000000000000111e-01 4.000000000000000222e-01 4.726546176953010936e-01 4.749714171761040271e-01 4.783203030734819450e-01 4.912015880362675668e-01 5.035661769078918493e-01
-1.000000000000000021e-02 -1.000000000000000021e-02 0.000000000000000000e+00 1.000000000000000021e-02 1.000000000000000021e-02 2.991596638655462215e+00 2.991596638655462215e+00 4.000000000000000222e-01 2.000000000000000111e-01 0.000000000000000000e+00 2.000000000000000111e-01 4.000000000000000222e-01 4.717395083777691789e-01 4.719246844569959798e-01 4.730774508436974557e-01 4.921471013579488685e-01 5.110034940968496420e-01
-1.000000000000000021e-02 -1.000000000000000021e-02 0.000000000000000000e+00 1.000000000000000021e-02 1.000000000000000021e-02 3.655462184873949472e+00 3.655462184873949472e+00 4.000000000000000222e-01 2.000000000000000111e-01 0.000000000000000000e+00 2.000000000000000111e-01 4.000000000000000222e-01 4.743816948890660634e-01 4.714821329177955600e-01 4.693503312277050865e-01 4.958162489247150972e-01 5.215043905610964314e-01
-1.000000000000000021e-02 -1.000000000000000021e-02 0.000000000000000000e+00 1.000000000000000021e-02 1.000000000000000021e-02 4.319327731092436728e+00 4.319327731092436728e+00 4.000000000000000222e-01 2.000000000000000111e-01 0.000000000000000000e+00 2.000000000000000111e-01 4.000000000000000222e-01 4.806993140363239880e-01 4.743372492235308768e-01 4.682857032813594889e-01 5.026585154755075502e-01 5.340728285909585038e-01
-1.000000000000000021e-02 -1.000000000000000021e-02 0.000000000000000000e+00 1.000000000000000021e-02 1.000000000000000021e-02 4.983193277310924429e+00 4.983193277310924429e+00 4.000000000000000222e-01 2.000000000000000111e-01 0.000000000000000000e+00 2.000000000000000111e-01 4.000000000000000222e-01 4.911763237996371601e-01 4.815673211055388481e-01 4.703292747060208168e-01 5.114774543040798704e-01 5.484369508059763199e-01
-1.000000000000000021e-02 -1.000000000000000021e-02 0.000000000000000000e+00 1.000000000000000021e-02 1.000000000000000021e-02 5.647058823529411242e+00 5.647058823529411242e+00 4.000000000000000222e-01 2.000000000000000111e-01 0.000000000000000000e+00 2.000000000000000111e-01 4.000000000000000222e-01 5.050002521121609300e-01 4.914663397713874282e-01 4.746716761488578573e-01 5.225221811698814722e-01 5.636072637373774619e-01
-1.000000000000000021e-02 -1.000000000000000021e-02 0.000000000000000000e+00 1.000000000000000021e-02 1.000000000000000021e-02 6.310924369747898943e+00 6.310924369747898943e+00 4.000000000000000222e-01 2.000000000000000111e-01 0.000000000000000000e+00 2.000000000000000111e-01 4.000000000000000222e-01 5.205038628249398780e-01 5.037156651473112534e-01 4.824644996516379014e-01 5.364694419315748641e-01 5.808107833521107821e-01
-1.000000000000000021e-02 -1.000000000000000021e-02 0.000000000000000000e+00 1.000000000000000021e-02 1.000000000000000021e-02 6.974789915966386644e+00 6.974789915966386644e+00 4.000000000000000222e-01 2.000000000000000111e-01 0.000000000000000000e+00 2.000000000000000111e-01 4.000000000000000222e-01 5.393510607170756144e-01 5.194539438139909038e-01 4.938872792342760554e-01 5.511961357067267642e-01 5.973089273286017464e-01
-1.000000000000000021e-02 -1.000000000000000021e-02 0.000000000000000000e+00 1.000000000000000021e-02 1.000000000000000021e-02 7.638655462184873457e+00 7.638655462184873457e+00 4.000000000000000222e-01 2.000000000000000111e-01 0.000000000000000000e+00 2.000000000000000111e-01 4.000000000000000222e-01 5.605192722128629068e-01 5.365150088663441785e-01 5.069448353690890752e-01 5.681406251902236804e-01 6.129174835339252780e-01
-1.000000000000000021e-02 -1.000000000000000021e-02 0.000000000000000000e+00 1.000000000000000021e-02 1.000000000000000021e-02 8.302521008403360270e+00 8.302521008403360270e+00 4.000000000000000222e-01 2.000000000000000111e-01 0.000000000000000000e+00 2.000000000000000111e-01 4.000000000000000222e-01 5.808548476623153212e-01 5.569837977604968904e-01 5.232231194748968583e-01 5.839087789576722365e-01 6.275432955724219442e-01
-1.000000000000000021e-02 -1.000000000000000021e-02 0.000000000000000000e+00 1.000000000000000021e-02 1.000000000000000021e-02 8.966386554621848859e+00 8.966386554621848859e+00 4.000000000000000222e-01 2.000000000000000111e-01 0.000000000000000000e+00 2.000000000000000111e-01 4.000000000000000222e-01 6.018512978137811054e-01 5.753988347571665773e-01 5.411868040780162259e-01 6.006069324805989318e-01 6.415562061942586825e-01
-1.000000000000000021e-02 -1.000000000000000021e-02 0.000000000000000000e+00 1.000000000000000021e-02 1.000000000000000021e-02 9.630252100840335672e+00 9.630252100840335672e+00 4.000000000000000222e-01 2.000000000000000111e-01 0.000000000000000000e+00 2.000000000000000111e-01 4.000000000000000222e-01 6.202192099461043551e-01 5.953981894672546460e-01 5.602480395954790859e-01 6.160613972781228131e-01 6.534794438978369646e-01
-1.000000000000000021e-02 -1.000000000000000021e-02 0.000000000000000000e+00 1.000000000000000021e-02 1.000000000000000021e-02 1.029411764705882248e+01 1.029411764705882248e+01 4.000000000000000222e-01 2.000000000000000111e-01 0.000000000000000000e+00 2.000000000000000111e-01 4.000000000000000222e-01 6.374721639083867908e-01 6.144496161958712399e-01 5.786826362118887568e-01 6.309557656633277833e-01 6.655732226156589881e-01
-1.000000000000000021e-02 -1.000000000000000021e-02 0.000000000000000000e+00 1.000000000000000021e-02 1.000000000000000021e-02 1.095798319327731107e+01 1.095798319327731107e+01 4.000000000000000222e-01 2.000000000000000111e-01 0.000000000000000000e+00 2.000000000000000111e-01 4.000000000000000222e-01 6.524252927359298626e-01 6.304212622430446222e-01 5.977874110177171518e-01 6.443149679743249703e-01 6.759824093169283232e-01
-1.000000000000000021e-02 -1.000000000000000021e-02 0.000000000000000000e+00 1.000000000000000021e-02 1.000000000000000021e-02 1.162184873949579789e+01 1.162184873949579789e+01 4.000000000000000222e-01 2.000000000000000111e-01 0.000000000000000000e+00 2.000000000000000111e-01 4.000000000000000222e-01 6.665354815074333583e-01 6.466449344053400994e-01 6.152050170713905253e-01 6.570002230397825604e-01 6.851060883043532668e-01
-1.000000000000000021e-02 -1.000000000000000021e-02 0.000000000000000000e+00 1.000000000000000021e-02 1.000000000000000021e-02 1.228571428571428470e+01 1.228571428571428470e+01 4.000000000000000222e-01 2.000000000000000111e-01 0.000000000000000000e+00 2.000000000000000111e-01 4.000000000000000222e-01 6.782087836953895055e-01 6.609567251628623019e-01 6.312871774418387094e-01 6.690018018650520926e-01 6.938464967977503450e-01
-1.000000000000000021e-02 -1.000000000000000021e-02 0.000000000000000000e+00 1.000000000000000021e-02 1.000000000000000021e-02 1.294957983193277329e+01 1.294957983193277329e+01 4.000000000000000222e-01 2.000000000000000111e-01 0.000000000000000000e+00 2.000000000000000111e-01 4.000000000000000222e-01 6.889259780540006872e-01 6.722747034831555446e-01 6.455562801005263474e-01 6.796208129868170911e-01 7.018007011695976960e-01
-1.000000000000000021e-02 -1.000000000000000021e-02 0.000000000000000000e+00 1.000000000000000021e-02 1.000000000000000021e-02 1.361344537815126010e+01 1.361344537815126010e+01 4.000000000000000222e-01 2.000000000000000111e-01 0.000000000000000000e+00 2.000000000000000111e-01 4.000000000000000222e-01 6.981696485095347793e-01 6.835356951014777138e-01 6.587954962104487500e-01 6.890318008787433834e-01 7.083508690424903387e-01
-1.000000000000000021e-02 -1.000000000000000021e-02 0.000000000000000000e+00 1.000000000000000021e-02 1.000000000000000021e-02 1.427731092436974691e+01 1.427731092436974691e+01 4.000000000000000222e-01 2.000000000000000111e-01 0.000000000000000000e+00 2.000000000000000111e-01 4.000000000000000222e-01 7.060977846889174847e-01 6.935431507492267889e-01 6.706608767993220699e-01 6.981811051810593582e-01 7.151802374721295541e-01
-1.000000000000000021e-02 -1.000000000000000021e-02 0.000000000000000000e+00 1.000000000000000021e-02 1.000000000000000021e-02 1.494117647058823550e+01 1.494117647058823550e+01 4.000000000000000222e-01 2.000000000000000111e-01 0.000000000000000000e+00 2.000000000000000111e-01 4.000000000000000222e-01 7.139818488368250282e-01 7.024036739807376639e-01 6.814646232985641650e-01 7.058927347303418642e-01 7.212972915130561047e-01
-1.000000000000000021e-02 -1.000000000000000021e-02 0.000000000000000000e+00 1.000000000000000021e-02 1.000000000000000021e-02 1.560504201680672232e+01 1.560504201680672232e+01 4.000000000000000222e-01 2.000000000000000111e-01 0.000000000000000000e+00 2.000000000000000111e-01 4.000000000000000222e-01 7.205649351048363238e-01 7.103890268069057434e-01 6.905553182190002914e-01 7.129836810326499741e-01 7.266201226000460478e-01
-1.000000000000000021e-02 -1.000000000000000021e-02 0.000000000000000000e+00 1.000000000000000021e-02 1.000000000000000021e-02 1.626890756302520913e+01 1.626890756302520913e+01 4.000000000000000222e-01 2.000000000000000111e-01 0.000000000000000000e+00 2.000000000000000111e-01 4.000000000000000222e-01 7.263102483116560260e-01 7.172331768332524948e-01 6.993264481597510906e-01 7.196175956601986723e-01 7.319673734045408775e-01
-1.000000000000000021e-02 -1.000000000000000021e-02 0.000000000000000000e+00 1.000000000000000021e-02 1.000000000000000021e-02 1.693277310924369772e+01 1.693277310924369772e+01 4.000000000000000222e-01 2.000000000000000111e-01 0.000000000000000000e+00 2.000000000000000111e-01 4.000000000000000222e-01 7.324458071916589708e-01 7.243884161975573388e-01 7.064991875774442320e-01 7.260959999717315760e-01 7.372658786055020785e-01
-1.000000000000000021e-02 -1.000000000000000021e-02 0.000000000000000000e+00 1.000000000000000021e-02 1.000000000000000021e-02 1.759663865546218275e+01 1.759663865546218275e+01 4.000000000000000222e-01 2.000000000000000111e-01 0.000000000000000000e+00 2.000000000000000111e-01 4.000000000000000222e-01 7.372700728976376849e-01 7.305842397924200426e-01 7.136655991670032284e-01 7.316800875344583455e-01 7.411616502857623079e-01
-1.000000000000000021e-02 -1.000000000000000021e-02 0.000000000000000000e+00 1.000000000000000021e-02 1.000000000000000021e-02 1.826050420168067134e+01 1.826050420168067134e+01 4.000000000000000222e-01 2.000000000000000111e-01 0.000000000000000000e+00 2.000000000000000111e-01 4.000000000000000222e-01 7.424805698640807305e-01 7.359473648898192666e-01 7.202340191257399216e-01 7.377539203284572134e-01 7.460431738315885797e-01
-1.000000000000000021e-02 -1.000000000000000021e-02 0.000000000000000000e+00 1.000000000000000021e-02 1.000000000000000021e-02 1.892436974789915993e+01 1.892436974789915993e+01 4.000000000000000222e-01 2.000000000000000111e-01 0.000000000000000000e+00 2.000000000000000111e-01 4.000000000000000222e-01 7.470876439100377908e-01 7.415894439061126997e-01 7.264792826291796013e-01 7.426609471913521165e-01 7.498516927228850992e-01
-1.000000000000000021e-02 -1.000000000000000021e-02 0.000000000000000000e+00 1.000000000000000021e-02 1.000000000000000021e-02 1.958823529411764497e+01 1.958823529411764497e+01 4.000000000000000222e-01 2.000000000000000111e-01 0.000000000000000000e+00 2.000000000000000111e-01 4.000000000000000222e-01 7.512665828785588529e-01 7.466400639452728250e-01 7.312829054126872563e-01 7.473578962577852591e-01 7.539758926988066046e-01
-1.000000000000000021e-02 -1.000000000000000021e-02 0.000000000000000000e+00 1.000000000000000021e-02 1.000000000000000021e-02 2.025210084033613356e+01 2.025210084033613356e+01 4.000000000000000222e-01 2.000000000000000111e-01 0.000000000000000000e+00 2.000000000000000111e-01 4.000000000000000222e-01 7.556089975568750505e-01 7.512324252889711618e-01 7.372101861647918364e-01 7.518167959005372936e-01 7.573700746351496038e-01
-1.000000000000000021e-02 -1.000000000000000021e-02 0.000000000000000000e+00 1.000000000000000021e-02 1.000000000000000021e-02 2.091596638655462215e+01 2.091596638655462215e+01 4.000000000000000222e-01 2.000000000000000111e-01 0.000000000000000000e+00 2.000000000000000111e-01 4.000000000000000222e-01 7.595716568598379625e-01 7.558693124681837849e-01 7.416650695976054752e-01 7.562852083421249816e-01 7.612307593834928277e-01
-1.000000000000000021e-02 -1.000000000000000021e-02 0.000000000000000000e+00 1.000000000000000021e-02 1.000000000000000021e-02 2.157983193277310718e+01 2.157983193277310718e+01 4.000000000000000222e-01 2.000000000000000111e-01 0.000000000000000000e+00 2.000000000000000111e-01 4.000000000000000222e-01 7.634835366983683258e-01 7.598248852527049735e-01 7.459727917986883616e-01 7.602133033761711012e-01 7.647535665004426830e-01
-1.000000000000000021e-02 -1.000000000000000021e-02 0.000000000000000000e+00 1.000000000000000021e-02 1.000000000000000021e-02 2.224369747899159577e+01 2.224369747899159577e+01 4.000000000000000222e-01 2.000000000000000111e-01 0.000000000000000000e+00 2.000000000000000111e-01 4.000000000000000222e-01 7.666087353491632950e-01 7.640109127112735266e-01 7.503262156418784024e-01 7.639690874570144175e-01 7.677379379179907204e-01
-1.000000000000000021e-02 -1.000000000000000021e-02 0.000000000000000000e+00 1.000000000000000021e-02 1.000000000000000021e-02 2.290756302521008436e+01 2.290756302521008436e+01 4.000000000000000222e-01 2.000000000000000111e-01 0.000000000000000000e+00 2.000000000000000111e-01 4.000000000000000222e-01 7.699191965286854566e-01 7.675331687975711636e-01 7.538897254516387925e-01 7.676299305818808927e-01 7.705735649754730243e-01
-1.000000000000000021e-02 -1.000000000000000021e-02 0.000000000000000000e+00 1.000000000000000021e-02 1.000000000000000021e-02 2.357142857142856940e+01 2.357142857142856940e+01 4.000000000000000222e-01 2.000000000000000111e-01 0.000000000000000000e+00 2.000000000000000111e-01 4.000000000000000222e-01 7.728670186570226752e-01 7.710433544468749956e-01 7.577395658456483885e-01 7.709274173934886898e-01 7.735312861974130705e-01
-1.000000000000000021e-02 -1.000000000000000021e-02 0.000000000000000000e+00 1.000000000000000021e-02 1.000000000000000021e-02 2.423529411764705799e+01 2.423529411764705799e+01 4.000000000000000222e-01 2.000000000000000111e-01 0.000000000000000000e+00 2.000000000000000111e-01 4.000000000000000222e-01 7.759520978823016835e-01 7.744802362839495746e-01 7.607506517051638717e-01 7.742284544859242557e-01 7.761271949058071717e-01
-1.000000000000000021e-02 -1.000000000000000021e-02 0.000000000000000000e+00 1.000000000000000021e-02 1.000000000000000021e-02 2.489915966386554658e+01 2.489915966386554658e+01 4.000000000000000222e-01 2.000000000000000111e-01 0.000000000000000000e+00 2.000000000000000111e-01 4.000000000000000222e-01 7.787047595307432513e-01 7.773184586319051848e-01 7.648506180354434081e-01 7.772368253043204778e-01 7.789519850451311900e-01
-1.000000000000000021e-02 -1.000000000000000021e-02 0.000000000000000000e+00 1.000000000000000021e-02 1.000000000000000021e-02 2.556302521008403161e+01 2.556302521008403161e+01 4.000000000000000222e-01 2.000000000000000111e-01 0.000000000000000000e+00 2.000000000000000111e-01 4.000000000000000222e-01 7.815798075195793393e-01 7.805238029072023576e-01 7.680874705612275033e-01 7.801922631235755912e-01 7.813133289470627352e-01
-1.000000000000000021e-02 -1.000000000000000021e-02 0.000000000000000000e+00 1.000000000000000021e-02 1.000000000000000021e-02 2.622689075630252020e+01 2.622689075630252020e+01 4.000000000000000222e-01 2.000000000000000111e-01 0.000000000000000000e+00 2.000000000000000111e-01 4.000000000000000222e-01 7.840957872471777668e-01 7.833507337596112841e-01 7.712078797132275731e-01 7.829899243003494158e-01 7.837367898796651078e-01
-1.000000000000000021e-02 -1.000000000000000021e-02 0.000000000000000000e+00 1.000000000000000021e-02 1.000000000000000021e-02 2.689075630252100879e+01 2.689075630252100879e+01 4.000000000000000222e-01 2.000000000000000111e-01 0.000000000000000000e+00 2.000000000000000111e-01 4.000000000000000222e-01 7.867002708356334306e-01 7.858228357566442446e-01 7.739164645266317644e-01 7.853561720993755824e-01 7.862768314825463456e-01
-1.000000000000000021e-02 -1.000000000000000021e-02 0.000000000000000000e+00 1.000000000000000021e-02 1.000000000000000021e-02 2.755462184873949383e+01 2.755462184873949383e+01 4.000000000000000222e-01 2.000000000000000111e-01 0.000000000000000000e+00 2.000000000000000111e-01 4.000000000000000222e-01 7.886816170802968262e-01 7.887431925154081425e-01 7.761477428743082108e-01 7.879584703571932414e-01 7.885679215685380550e-01
-1.000000000000000021e-02 -1.000000000000000021e-02 0.000000000000000000e+00 1.000000000000000021e-02 1.000000000000000021e-02 2.821848739495798242e+01 2.821848739495798242e+01 4.000000000000000222e-01 2.000000000000000111e-01 0.000000000000000000e+00 2.000000000000000111e-01 4.000000000000000222e-01 7.910810961474967762e-01 7.910304732655470961e-01 7.788027012965571538e-01 7.903518438634071774e-01 7.903054785805002647e-01
-1.000000000000000021e-02 -1.000000000000000021e-02 0.000000000000000000e+00 1.000000000000000021e-02 1.000000000000000021e-02 2.888235294117647101e+01 2.888235294117647101e+01 4.000000000000000222e-01 2.000000000000000111e-01 0.000000000000000000e+00 2.000000000000000111e-01 4.000000000000000222e-01 7.931710572021987149e-01 7.932615096345025929e-01 7.811586868436571907e-01 7.924280126193256057e-01 7.924311465414161093e-01
-1.000000000000000021e-02 -1.000000000000000021e-02 0.000000000000000000e+00 1.000000000000000021e-02 1.000000000000000021e-02 2.954621848739495604e+01 2.954621848739495604e+01 4.000000000000000222e-01 2.000000000000000111e-01 0.000000000000000000e+00 2.000000000000000111e-01 4.000000000000000222e-01 7.949968244562669595e-01 7.955659785558421015e-01 7.834333697024139509e-01 7.947548881661613551e-01 7.944989026623722195e-01
-1.000000000000000021e-02 -1.000000000000000021e-02 0.000000000000000000e+00 1.000000000000000021e-02 1.000000000000000021e-02 3.021008403361344463e+01 3.021008403361344463e+01 4.000000000000000222e-01 2.000000000000000111e-01 0.000000000000000000e+00 2.000000000000000111e-01 4.000000000000000222e-01 7.971621451312489448e-01 7.972382116514714623e-01 7.857664810737861050e-01 7.968805736549282592e-01 7.965215467772479574e-01
-1.000000000000000021e-02 -1.000000000000000021e-02 0.000000000000000000e+00 1.000000000000000021e-02 1.000000000000000021e-02 3.087394957983193322e+01 3.087394957983193322e+01 4.000000000000000222e-01 2.000000000000000111e-01 0.000000000000000000e+00 2.000000000000000111e-01 4.000000000000000222e-01 7.989316708945081169e-01 7.992771652448835695e-01 7.876505985957867884e-01 7.989778639173363839e-01 7.983190026294819663e-01
-1.000000000000000021e-02 -1.000000000000000021e-02 0.000000000000000000e+00 1.000000000000000021e-02 1.000000000000000021e-02 3.153781512605041826e+01 3.153781512605041826e+01 4.000000000000000222e-01 2.000000000000000111e-01 0.000000000000000000e+00 2.000000000000000111e-01 4.000000000000000222e-01 8.008389927955774645e-01 8.014103009161195335e-01 7.900094802480678302e-01 8.007772737122746953e-01 7.997384904115769633e-01
-1.000000000000000021e-02 -1.000000000000000021e-02 0.000000000000000000e+00 1.000000000000000021e-02 1.000000000000000021e-02 3.220168067226890685e+01 3.220168067226890685e+01 4.000000000000000222e-01 2.000000000000000111e-01 0.000000000000000000e+00 2.000000000000000111e-01 4.000000000000000222e-01 8.023477821031722579e-01 8.030579153573756956e-01 7.913702204280370633e-01 8.023606576699742199e-01 8.014259880191999530e-01
-1.000000000000000021e-02 -1.000000000000000021e-02 0.000000000000000000e+00 1.000000000000000021e-02 1.000000000000000021e-02 3.286554621848739544e+01 3.286554621848739544e+01 4.000000000000000222e-01 2.000000000000000111e-01 0.000000000000000000e+00 2.000000000000000111e-01 4.000000000000000222e-01 8.040014562273095633e-01 8.044988134421989789e-01 7.934414791302604186e-01 8.039891753346337655e-01 8.029730672677798387e-01
-1.000000000000000021e-02 -1.000000000000000021e-02 0.000000000000000000e+00 1.000000000000000021e-02 1.000000000000000021e-02 3.352941176470588402e+01 3.352941176470588402e+01 4.000000000000000222e-01 2.000000000000000111e-01 0.000000000000000000e+00 2.000000000000000111e-01 4.000000000000000222e-01 8.054755240959519114e-01 8.063917039327710423e-01 7.955971441282659873e-01 8.058265187003306185e-01 8.044817486628597081e-01
-1.000000000000000021e-02 -1.000000000000000021e-02 0.000000000000000000e+00 1.000000000000000021e-02 1.000000000000000021e-02 3.419327731092436551e+01 3.419327731092436551e+01 4.000000000000000222e-01 2.000000000000000111e-01 0.000000000000000000e+00 2.000000000000000111e-01 4.000000000000000222e-01 8.067717111681889097e-01 8.079147393176876468e-01 7.965213290171745397e-01 8.071122739431457749e-01 8.058463442600586335e-01
-1.000000000000000021e-02 -1.000000000000000021e-02 0.000000000000000000e+00 1.000000000000000021e-02 1.000000000000000021e-02 3.485714285714285410e+01 3.485714285714285410e+01 4.000000000000000222e-01 2.000000000000000111e-01 0.000000000000000000e+00 2.000000000000000111e-01 4.000000000000000222e-01 8.083856617482302331e-01 8.092715755708166370e-01 7.981735071942416271e-01 8.085932915361372375e-01 8.071683372571620829e-01
-1.000000000000000021e-02 -1.000000000000000021e-02 0.000000000000000000e+00 1.000000000000000021e-02 1.000000000000000021e-02 3.552100840336134269e+01 3.552100840336134269e+01 4.000000000000000222e-01 2.000000000000000111e-01 0.000000000000000000e+00 2.000000000000000111e-01 4.000000000000000222e-01 8.096845030920322150e-01 8.106432258579143735e-01 7.996650730612867575e-01 8.099600400488722318e-01 8.083873862190612547e-01
-1.000000000000000021e-02 -1.000000000000000021e-02 0.000000000000000000e+00 1.000000000000000021e-02 1.000000000000000021e-02 3.618487394957983128e+01 3.618487394957983128e+01 4.000000000000000222e-01 2.000000000000000111e-01 0.000000000000000000e+00 2.000000000000000111e-01 4.000000000000000222e-01 8.109151694511064212e-01 8.121223567653458320e-01 8.010872607215177021e-01 8.111524952040192193e-01 8.098212911624188548e-01
-1.000000000000000021e-02 -1.000000000000000021e-02 0.000000000000000000e+00 1.000000000000000021e-02 1.000000000000000021e-02 3.684873949579831987e+01 3.684873949579831987e+01 4.000000000000000222e-01 2.000000000000000111e-01 0.000000000000000000e+00 2.000000000000000111e-01 4.000000000000000222e-01 8.120969422846988639e-01 8.132045089208972399e-01 8.024587716411655247e-01 8.126753359099488927e-01 8.108512638490117386e-01
-1.000000000000000021e-02 -1.000000000000000021e-02 0.000000000000000000e+00 1.000000000000000021e-02 1.000000000000000021e-02 3.751260504201680845e+01 3.751260504201680845e+01 4.000000000000000222e-01 2.000000000000000111e-01 0.000000000000000000e+00 2.000000000000000111e-01 4.000000000000000222e-01 8.133007241679555133e-01 8.143346934464871234e-01 8.043767036471047849e-01 8.136640447406051635e-01 8.120511833088317477e-01
-1.000000000000000021e-02 -1.000000000000000021e-02 0.000000000000000000e+00 1.000000000000000021e-02 1.000000000000000021e-02 3.817647058823528994e+01 3.817647058823528994e+01 4.000000000000000222e-01 2.000000000000000111e-01 0.000000000000000000e+00 2.000000000000000111e-01 4.000000000000000222e-01 8.141194430578009289e-01 8.154409232642098049e-01 8.051288763358249723e-01 8.150141824847865202e-01 8.132157599401003134e-01
-1.000000000000000021e-02 -1.000000000000000021e-02 0.000000000000000000e+00 1.000000000000000021e-02 1.000000000000000021e-02 3.884033613445377853e+01 3.884033613445377853e+01 4.000000000000000222e-01 2.000000000000000111e-01 0.000000000000000000e+00 2.000000000000000111e-01 4.000000000000000222e-01 8.152577933190002790e-01 8.166758573036370095e-01 8.062008629710266661e-01 8.159811662824142386e-01 8.141667500306487559e-01
-1.000000000000000021e-02 -1.000000000000000021e-02 0.000000000000000000e+00 1.000000000000000021e-02 1.000000000000000021e-02 3.950420168067226712e+01 3.950420168067226712e+01 4.000000000000000222e-01 2.000000000000000111e-01 0.000000000000000000e+00 2.000000000000000111e-01 4.000000000000000222e-01 8.162471895816391099e-01 8.175711296010134133e-01 8.073842981266087238e-01 8.169497202333365626e-01 8.151485588507871860e-01
-1.000000000000000021e-02 -1.000000000000000021e-02 0.000000000000000000e+00 1.000000000000000021e-02 1.000000000000000021e-02 4.016806722689075571e+01 4.016806722689075571e+01 4.000000000000000222e-01 2.000000000000000111e-01 0.000000000000000000e+00 2.000000000000000111e-01 4.000000000000000222e-01 8.173890938419187124e-01 8.186651417207472248e-01 8.083144926848748746e-01 8.180357815612866457e-01 8.160649127661466773e-01
-1.000000000000000021e-02 -1.000000000000000021e-02 0.000000000000000000e+00 1.000000000000000021e-02 1.000000000000000021e-02 4.083193277310924429e+01 4.083193277310924429e+01 4.000000000000000222e-01 2.000000000000000111e-01 0.000000000000000000e+00 2.000000000000000111e-01 4.000000000000000222e-01 8.181350987426211363e-01 8.194429376408266519e-01 8.097940662226091879e-01 8.189111273989873041e-01 8.170420582402322385e-01
-1.000000000000000021e-02 -1.000000000000000021e-02 0.000000000000000000e+00 1.000000000000000021e-02 1.000000000000000021e-02 4.149579831932773288e+01 4.149579831932773288e+01 4.000000000000000222e-01 2.000000000000000111e-01 0.000000000000000000e+00 2.000000000000000111e-01 4.000000000000000222e-01 8.191169917194806027e-01 8.202367094615601317e-01 8.107941669831476572e-01 8.197803394741948191e-01 8.180428505754669954e-01
-1.000000000000000021e-02 -1.000000000000000021e-02 0.000000000000000000e+00 1.000000000000000021e-02 1.000000000000000021e-02 4.215966386554621437e+01 4.215966386554621437e+01 4.000000000000000222e-01 2.000000000000000111e-01 0.000000000000000000e+00 2.000000000000000111e-01 4.000000000000000222e-01 8.198204776182714815e-01 8.211092790933618435e-01 8.113357197430619561e-01 8.206040586460580100e-01 8.187732362967056199e-01
-1.000000000000000021e-02 -1.000000000000000021e-02 0.000000000000000000e+00 1.000000000000000021e-02 1.000000000000000021e-02 4.282352941176470296e+01 4.282352941176470296e+01 4.000000000000000222e-01 2.000000000000000111e-01 0.000000000000000000e+00 2.000000000000000111e-01 4.000000000000000222e-01 8.206676274387935122e-01 8.219236311174132892e-01 8.124454937904990182e-01 8.213552029774807695e-01 8.195483621777808203e-01
-1.000000000000000021e-02 -1.000000000000000021e-02 0.000000000000000000e+00 1.000000000000000021e-02 1.000000000000000021e-02 4.348739495798319155e+01 4.348739495798319155e+01 4.000000000000000222e-01 2.000000000000000111e-01 0.000000000000000000e+00 2.000000000000000111e-01 4.000000000000000222e-01 8.213614381782171625e-01 8.228295644209989712e-01 8.135142521504845625e-01 8.222844590224398509e-01 8.203461059673001765e-01
-1.000000000000000021e-02 -1.000000000000000021e-02 0.000000000000000000e+00 1.000000000000000021e-02 1.000000000000000021e-02 4.415126050420168013e+01 4.415126050420168013e+01 4.000000000000000222e-01 2.000000000000000111e-01 0.000000000000000000e+00 2.000000000000000111e-01 4.000000000000000222e-01 8.221627220235295797e-01 8.234021545845651158e-01 8.142647128164850479e-01 8.228206378073851246e-01 8.210704145229410500e-01
-1.000000000000000021e-02 -1.000000000000000021e-02 0.000000000000000000e+00 1.000000000000000021e-02 1.000000000000000021e-02 4.481512605042016872e+01 4.481512605042016872e+01 4.000000000000000222e-01 2.000000000000000111e-01 0.000000000000000000e+00 2.000000000000000111e-01 4.000000000000000222e-01 8.228425414235607249e-01 8.240900005260924921e-01 8.150909830940527012e-01 8.235706652313874443e-01 8.218751541559417007e-01
-1.000000000000000021e-02 -1.000000000000000021e-02 0.000000000000000000e+00 1.000000000000000021e-02 1.000000000000000021e-02 4.547899159663865021e+01 4.547899159663865021e+01 4.000000000000000222e-01 2.000000000000000111e-01 0.000000000000000000e+00 2.000000000000000111e-01 4.000000000000000222e-01 8.233814212678215450e-01 8.247545973187594415e-01 8.157996283369409740e-01 8.242813702878402093e-01 8.224064289134216388e-01
-1.000000000000000021e-02 -1.000000000000000021e-02 0.000000000000000000e+00 1.000000000000000021e-02 1.000000000000000021e-02 4.614285714285713880e+01 4.614285714285713880e+01 4.000000000000000222e-01 2.000000000000000111e-01 0.000000000000000000e+00 2.000000000000000111e-01 4.000000000000000222e-01 8.240483266797393735e-01 8.253276031246903344e-01 8.164863795443834116e-01 8.248006114159488478e-01 8.230844496428546542e-01
-1.000000000000000021e-02 -1.000000000000000021e-02 0.000000000000000000e+00 1.000000000000000021e-02 1.000000000000000021e-02 4.680672268907562739e+01 4.680672268907562739e+01 4.000000000000000222e-01 2.000000000000000111e-01 0.000000000000000000e+00 2.000000000000000111e-01 4.000000000000000222e-01 8.246686515220733593e-01 8.259130084698397267e-01 8.172380696911877296e-01 8.254692551051768801e-01 8.237152150296702668e-01
-1.000000000000000021e-02 -1.000000000000000021e-02 0.000000000000000000e+00 1.000000000000000021e-02 1.000000000000000021e-02 4.747058823529411598e+01 4.747058823529411598e+01 4.000000000000000222e-01 2.000000000000000111e-01 0.000000000000000000e+00 2.000000000000000111e-01 4.000000000000000222e-01 8.251585756205380706e-01 8.264425300450755074e-01 8.178828501172695775e-01 8.259325962632705354e-01 8.243916778594279071e-01
-1.000000000000000021e-02 -1.000000000000000021e-02 0.000000000000000000e+00 1.000000000000000021e-02 1.000000000000000021e-02 4.813445378151260456e+01 4.813445378151260456e+01 4.000000000000000222e-01 2.000000000000000111e-01 0.000000000000000000e+00 2.000000000000000111e-01 4.000000000000000222e-01 8.257783757806933522e-01 8.269478951012882995e-01 8.185628205682364822e-01 8.264871952016547008e-01 8.249084575504184169e-01
-1.000000000000000021e-02 -1.000000000000000021e-02 0.000000000000000000e+00 1.000000000000000021e-02 1.000000000000000021e-02 4.879831932773109315e+01 4.879831932773109315e+01 4.000000000000000222e-01 2.000000000000000111e-01 0.000000000000000000e+00 2.000000000000000111e-01 4.000000000000000222e-01 8.261622554668535123e-01 8.274634060420869019e-01 8.191538799009955296e-01 8.270140468919995325e-01 8.253430341285700189e-01
-1.000000000000000021e-02 -1.000000000000000021e-02 0.000000000000000000e+00 1.000000000000000021e-02 1.000000000000000021e-02 4.946218487394957464e+01 4.946218487394957464e+01 4.000000000000000222e-01 2.000000000000000111e-01 0.000000000000000000e+00 2.000000000000000111e-01 4.000000000000000222e-01 8.267726111069785278e-01 8.279504966172518410e-01 8.198228522579720234e-01 8.273975218977605017e-01 8.258813249060156236e-01
-1.000000000000000021e-02 -1.000000000000000021e-02 0.000000000000000000e+00 1.000000000000000021e-02 1.000000000000000021e-02 5.012605042016806323e+01 5.012605042016806323e+01 4.000000000000000222e-01 2.000000000000000111e-01 0.000000000000000000e+00 2.000000000000000111e-01 4.000000000000000222e-01 8.272106222817241505e-01 8.283849710652759768e-01 8.204495403497227279e-01 8.279703616467207761e-01 8.264237628897215249e-01
-1.000000000000000021e-02 -1.000000000000000021e-02 0.000000000000000000e+00 1.000000000000000021e-02 1.000000000000000021e-02 5.078991596638655182e+01 5.078991596638655182e+01 4.000000000000000222e-01 2.000000000000000111e-01 0.000000000000000000e+00 2.000000000000000111e-01 4.000000000000000222e-01 8.275316711596704122e-01 8.286891560983582483e-01 8.211075138921171135e-01 8.283392713027802889e-01 8.268200240630685371e-01
-1.000000000000000021e-02 -1.000000000000000021e-02 0.000000000000000000e+00 1.000000000000000021e-02 1.000000000000000021e-02 5.145378151260504040e+01 5.145378151260504040e+01 4.000000000000000222e-01 2.000000000000000111e-01 0.000000000000000000e+00 2.000000000000000111e-01 4.000000000000000222e-01 8.280189654317471337e-01 8.291101580365204393e-01 8.211657845873809869e-01 8.287354360223305738e-01 8.271967285647584545e-01
-1.000000000000000021e-02 -1.000000000000000021e-02 0.000000000000000000e+00 1.000000000000000021e-02 1.000000000000000021e-02 5.211764705882352899e+01 5.211764705882352899e+01 4.000000000000000222e-01 2.000000000000000111e-01 0.000000000000000000e+00 2.000000000000000111e-01 4.000000000000000222e-01 8.283628077262117362e-01 8.294457391452629835e-01 8.220948353990108481e-01 8.291192577824889609e-01 8.277165010253177968e-01
-1.000000000000000021e-02 -1.000000000000000021e-02 0.000000000000000000e+00 1.000000000000000021e-02 1.000000000000000021e-02 5.278151260504201758e+01 5.278151260504201758e+01 4.000000000000000222e-01 2.000000000000000111e-01 0.000000000000000000e+00 2.000000000000000111e-01 4.000000000000000222e-01 8.287356040928092193e-01 8.297670841064714864e-01 8.223419084497111120e-01 8.294414850335277700e-01 8.280641515923254925e-01
-1.000000000000000021e-02 -1.000000000000000021e-02 0.000000000000000000e+00 1.000000000000000021e-02 1.000000000000000021e-02 5.344537815126049907e+01 5.344537815126049907e+01 4.000000000000000222e-01 2.000000000000000111e-01 0.000000000000000000e+00 2.000000000000000111e-01 4.000000000000000222e-01 8.291697220965233983e-01 8.301884834627686338e-01 8.230688571939251963e-01 8.298200324498248293e-01 8.284520208217749371e-01
-1.000000000000000021e-02 -1.000000000000000021e-02 0.000000000000000000e+00 1.000000000000000021e-02 1.000000000000000021e-02 5.410924369747898766e+01 5.410924369747898766e+01 4.000000000000000222e-01 2.000000000000000111e-01 0.000000000000000000e+00 2.000000000000000111e-01 4.000000000000000222e-01 8.294519182167605642e-01 8.304740194965836153e-01 8.235714318204271356e-01 8.301784847205961881e-01 8.288361538745073753e-01
-1.000000000000000021e-02 -1.000000000000000021e-02 0.000000000000000000e+00 1.000000000000000021e-02 1.000000000000000021e-02 5.477310924369747624e+01 5.477310924369747624e+01 4.000000000000000222e-01 2.000000000000000111e-01 0.000000000000000000e+00 2.000000000000000111e-01 4.000000000000000222e-01 8.298387134660941689e-01 8.307592658375487771e-01 8.238297397776681574e-01 8.303398441377112249e-01 8.291930733590930913e-01
-1.000000000000000021e-02 -1.000000000000000021e-02 0.000000000000000000e+00 1.000000000000000021e-02 1.000000000000000021e-02 5.543697478991596483e+01 5.543697478991596483e+01 4.000000000000000222e-01 2.000000000000000111e-01 0.000000000000000000e+00 2.000000000000000111e-01 4.000000000000000222e-01 8.301684155026938239e-01 8.309972963183832606e-01 8.240151036940427387e-01 8.308134994229099402e-01 8.295434378480406323e-01
-1.000000000000000021e-02 -1.000000000000000021e-02 0.000000000000000000e+00 1.000000000000000021e-02 1.000000000000000021e-02 5.610084033613445342e+01 5.610084033613445342e+01 4.000000000000000222e-01 2.000000000000000111e-01 0.000000000000000000e+00 2.000000000000000111e-01 4.000000000000000222e-01 8.303702030475010876e-01 8.312740955144978239e-01 8.246713231146455270e-01 8.310113501723848106e-01 8.297613953988050017e-01
-1.000000000000000021e-02 -1.000000000000000021e-02 0.000000000000000000e+00 1.000000000000000021e-02 1.000000000000000021e-02 5.676470588235294201e+01 5.676470588235294201e+01 4.000000000000000222e-01 2.000000000000000111e-01 0.000000000000000000e+00 2.000000000000000111e-01 4.000000000000000222e-01 8.306489395956691002e-01 8.314982425427797086e-01 8.249285383475033484e-01 8.312603748269234982e-01 8.301459679811392656e-01
-1.000000000000000021e-02 -1.000000000000000021e-02 0.000000000000000000e+00 1.000000000000000021e-02 1.000000000000000021e-02 5.742857142857142350e+01 5.742857142857142350e+01 4.000000000000000222e-01 2.000000000000000111e-01 0.000000000000000000e+00 2.000000000000000111e-01 4.000000000000000222e-01 8.309361171925776501e-01 8.318087050025434470e-01 8.255089426104786909e-01 8.315165312059125124e-01 8.304192313788331115e-01
-1.000000000000000021e-02 -1.000000000000000021e-02 0.000000000000000000e+00 1.000000000000000021e-02 1.000000000000000021e-02 5.809243697478991209e+01 5.809243697478991209e+01 4.000000000000000222e-01 2.000000000000000111e-01 0.000000000000000000e+00 2.000000000000000111e-01 4.000000000000000222e-01 8.311940951734640981e-01 8.319394168101527098e-01 8.258821538211991165e-01 8.316999936234402702e-01 8.306430190036857564e-01
-1.000000000000000021e-02 -1.000000000000000021e-02 0.000000000000000000e+00 1.000000000000000021e-02 1.000000000000000021e-02 5.875630252100840067e+01 5.875630252100840067e+01 4.000000000000000222e-01 2.000000000000000111e-01 0.000000000000000000e+00 2.000000000000000111e-01 4.000000000000000222e-01 8.314728279800432942e-01 8.321945669426437098e-01 8.259803957679774378e-01 8.319566379774019360e-01 8.308573943592909572e-01
-1.000000000000000021e-02 -1.000000000000000021e-02 0.000000000000000000e+00 1.000000000000000021e-02 1.000000000000000021e-02 5.942016806722688926e+01 5.942016806722688926e+01 4.000000000000000222e-01 2.000000000000000111e-01 0.000000000000000000e+00 2.000000000000000111e-01 4.000000000000000222e-01 8.316102944559663479e-01 8.323624556655304652e-01 8.265269607252870854e-01 8.321407318428373223e-01 8.311299868141697189e-01
-1.000000000000000021e-02 -1.000000000000000021e-02 0.000000000000000000e+00 1.000000000000000021e-02 1.000000000000000021e-02 6.008403361344537785e+01 6.008403361344537785e+01 4.000000000000000222e-01 2.000000000000000111e-01 0.000000000000000000e+00 2.000000000000000111e-01 4.000000000000000222e-01 8.318048608289243528e-01 8.325279401344872765e-01 8.267992689327822164e-01 8.323628894361280173e-01 8.313960295440711024e-01
-1.000000000000000021e-02 -1.000000000000000021e-02 0.000000000000000000e+00 1.000000000000000021e-02 1.000000000000000021e-02 6.074789915966386644e+01 6.074789915966386644e+01 4.000000000000000222e-01 2.000000000000000111e-01 0.000000000000000000e+00 2.000000000000000111e-01 4.000000000000000222e-01 8.320139260331256281e-01 8.327099977701302169e-01 8.269917887119389022e-01 8.324586764450985221e-01 8.315257781497082945e-01
-1.000000000000000021e-02 -1.000000000000000021e-02 0.000000000000000000e+00 1.000000000000000021e-02 1.000000000000000021e-02 6.141176470588234793e+01 6.141176470588234793e+01 4.000000000000000222e-01 2.000000000000000111e-01 0.000000000000000000e+00 2.000000000000000111e-01 4.000000000000000222e-01 8.322363150411771215e-01 8.328631577843438327e-01 8.272977088246407096e-01 8.327325626272380488e-01 8.317224146439202714e-01
-1.000000000000000021e-02 -1.000000000000000021e-02 0.000000000000000000e+00 1.000000000000000021e-02 1.000000000000000021e-02 6.207563025210083651e+01 6.207563025210083651e+01 4.000000000000000222e-01 2.000000000000000111e-01 0.000000000000000000e+00 2.000000000000000111e-01 4.000000000000000222e-01 8.324148946484476452e-01 8.330042131879259459e-01 8.276074544504674613e-01 8.328382474017769210e-01 8.319669440082452239e-01
-1.000000000000000021e-02 -1.000000000000000021e-02 0.000000000000000000e+00 1.000000000000000021e-02 1.000000000000000021e-02 6.273949579831932510e+01 6.273949579831932510e+01 4.000000000000000222e-01 2.000000000000000111e-01 0.000000000000000000e+00 2.000000000000000111e-01 4.000000000000000222e-01 8.325534761498860625e-01 8.331657986092710910e-01 8.277165053047774723e-01 8.330075122104153573e-01 8.320846571186452101e-01
-1.000000000000000021e-02 -1.000000000000000021e-02 0.000000000000000000e+00 1.000000000000000021e-02 1.000000000000000021e-02 6.340336134453781369e+01 6.340336134453781369e+01 4.000000000000000222e-01 2.000000000000000111e-01 0.000000000000000000e+00 2.000000000000000111e-01 4.000000000000000222e-01 8.326935155534523902e-01 8.333188044366069969e-01 8.282730109329948798e-01 8.331408830559273726e-01 8.323078640794956407e-01
-1.000000000000000021e-02 -1.000000000000000021e-02 0.000000000000000000e+00 1.000000000000000021e-02 1.000000000000000021e-02 6.406722689075630228e+01 6.406722689075630228e+01 4.000000000000000222e-01 2.000000000000000111e-01 0.000000000000000000e+00 2.000000000000000111e-01 4.000000000000000222e-01 8.328686593817308248e-01 8.334373587667541772e-01 8.285912173217144794e-01 8.332676175633090265e-01 8.325044676393125176e-01
-1.000000000000000021e-02 -1.000000000000000021e-02 0.000000000000000000e+00 1.000000000000000021e-02 1.000000000000000021e-02 6.473109243697479087e+01 6.473109243697479087e+01 4.000000000000000222e-01 2.000000000000000111e-01 0.000000000000000000e+00 2.000000000000000111e-01 4.000000000000000222e-01 8.329958239802748299e-01 8.335265292065358045e-01 8.285520715574199446e-01 8.333607714195970795e-01 8.326712364653933163e-01
-1.000000000000000021e-02 -1.000000000000000021e-02 0.000000000000000000e+00 1.000000000000000021e-02 1.000000000000000021e-02 6.539495798319327946e+01 6.539495798319327946e+01 4.000000000000000222e-01 2.000000000000000111e-01 0.000000000000000000e+00 2.000000000000000111e-01 4.000000000000000222e-01 8.330973264619820906e-01 8.336057580413467338e-01 8.286979456357146390e-01 8.334694581471061570e-01 8.328089884656432185e-01
-1.000000000000000021e-02 -1.000000000000000021e-02 0.000000000000000000e+00 1.000000000000000021e-02 1.000000000000000021e-02 6.605882352941176805e+01 6.605882352941176805e+01 4.000000000000000222e-01 2.000000000000000111e-01 0.000000000000000000e+00 2.000000000000000111e-01 4.000000000000000222e-01 8.332270048129059026e-01 8.337183211034131514e-01 8.291399642506761536e-01 8.336311362151467286e-01 8.329055562724130279e-01
-1.000000000000000021e-02 -1.000000000000000021e-02 0.000000000000000000e+00 1.000000000000000021e-02 1.000000000000000021e-02 6.672268907563024243e+01 6.672268907563024243e+01 4.000000000000000222e-01 2.000000000000000111e-01 0.000000000000000000e+00 2.000000000000000111e-01 4.000000000000000222e-01 8.333533753732175198e-01 8.338254406616917302e-01 8.291853395177652963e-01 8.337115039139237904e-01 8.330527059396581890e-01
-1.000000000000000021e-02 -1.000000000000000021e-02 0.000000000000000000e+00 1.000000000000000021e-02 1.000000000000000021e-02 6.738655462184873102e+01 6.738655462184873102e+01 4.000000000000000222e-01 2.000000000000000111e-01 0.000000000000000000e+00 2.000000000000000111e-01 4.000000000000000222e-01 8.334976870572922136e-01 8.339303859456423940e-01 8.295764246813436271e-01 8.337966134012242403e-01 8.331758169367660116e-01
-1.000000000000000021e-02 -1.000000000000000021e-02 0.000000000000000000e+00 1.000000000000000021e-02 1.000000000000000021e-02 6.805042016806721961e+01 6.805042016806721961e+01 4.000000000000000222e-01 2.000000000000000111e-01 0.000000000000000000e+00 2.000000000000000111e-01 4.000000000000000222e-01 8.335889695367102448e-01 8.340230825217602728e-01 8.296889218234866359e-01 8.338817427658634651e-01 8.332927067671427324e-01
-1.000000000000000021e-02 -1.000000000000000021e-02 0.000000000000000000e+00 1.000000000000000021e-02 1.000000000000000021e-02 6.871428571428570820e+01 6.871428571428570820e+01 4.000000000000000222e-01 2.000000000000000111e-01 0.000000000000000000e+00 2.000000000000000111e-01 4.000000000000000222e-01 8.336826895814960503e-01 8.340991252912266507e-01 8.297760919752912301e-01 8.339918206375590559e-01 8.334061762609904500e-01
-1.000000000000000021e-02 -1.000000000000000021e-02 0.000000000000000000e+00 1.000000000000000021e-02 1.000000000000000021e-02 6.937815126050419678e+01 6.937815126050419678e+01 4.000000000000000222e-01 2.000000000000000111e-01 0.000000000000000000e+00 2.000000000000000111e-01 4.000000000000000222e-01 8.337785266437105491e-01 8.341427250378282698e-01 8.299962025201484961e-01 8.340575755732706487e-01 8.335018359777732755e-01
-1.000000000000000021e-02 -1.000000000000000021e-02 0.000000000000000000e+00 1.000000000000000021e-02 1.000000000000000021e-02 7.004201680672268537e+01 7.004201680672268537e+01 4.000000000000000222e-01 2.000000000000000111e-01 0.000000000000000000e+00 2.000000000000000111e-01 4.000000000000000222e-01 8.338844844018477032e-01 8.342454348153264254e-01 8.303897086300127128e-01 8.341618334127685053e-01 8.336161733471146862e-01
-1.000000000000000021e-02 -1.000000000000000021e-02 0.000000000000000000e+00 1.000000000000000021e-02 1.000000000000000021e-02 7.070588235294117396e+01 7.070588235294117396e+01 4.000000000000000222e-01 2.000000000000000111e-01 0.000000000000000000e+00 2.000000000000000111e-01 4.000000000000000222e-01 8.339506174694008012e-01 8.343085618101229173e-01 8.306062044451111293e-01 8.341849021156573230e-01 8.337301529154589330e-01
-1.000000000000000021e-02 -1.000000000000000021e-02 0.000000000000000000e+00 1.000000000000000021e-02 1.000000000000000021e-02 7.136974789915966255e+01 7.136974789915966255e+01 4.000000000000000222e-01 2.000000000000000111e-01 0.000000000000000000e+00 2.000000000000000111e-01 4.000000000000000222e-01 8.339951470720098348e-01 8.343608615310676990e-01 8.306657011700637749e-01 8.342789444342639804e-01 8.337651413737968698e-01
-1.000000000000000021e-02 -1.000000000000000021e-02 0.000000000000000000e+00 1.000000000000000021e-02 1.000000000000000021e-02 7.203361344537815114e+01 7.203361344537815114e+01 4.000000000000000222e-01 2.000000000000000111e-01 0.000000000000000000e+00 2.000000000000000111e-01 4.000000000000000222e-01 8.340743611472591912e-01 8.344159413801386371e-01 8.308136430843591214e-01 8.343272908236137875e-01 8.338972355057668873e-01
-1.000000000000000021e-02 -1.000000000000000021e-02 0.000000000000000000e+00 1.000000000000000021e-02 1.000000000000000021e-02 7.269747899159663973e+01 7.269747899159663973e+01 4.000000000000000222e-01 2.000000000000000111e-01 0.000000000000000000e+00 2.000000000000000111e-01 4.000000000000000222e-01 8.341905123922633836e-01 8.344642340216634757e-01 8.310057919692257489e-01 8.343942492689194745e-01 8.339727238761923678e-01
-1.000000000000000021e-02 -1.000000000000000021e-02 0.000000000000000000e+00 1.000000000000000021e-02 1.000000000000000021e-02 7.336134453781512832e+01 7.336134453781512832e+01 4.000000000000000222e-01 2.000000000000000111e-01 0.000000000000000000e+00 2.000000000000000111e-01 4.000000000000000222e-01 8.341899218078038247e-01 8.344774424287511039e-01 8.309847004163735118e-01 8.344230524878286648e-01 8.340484099627859527e-01
-1.000000000000000021e-02 -1.000000000000000021e-02 0.000000000000000000e+00 1.000000000000000021e-02 1.000000000000000021e-02 7.402521008403361691e+01 7.402521008403361691e+01 4.000000000000000222e-01 2.000000000000000111e-01 0.000000000000000000e+00 2.000000000000000111e-01 4.000000000000000222e-01 8.342816042952078126e-01 8.345620157791728833e-01 8.312420790427046402e-01 8.344937485610300909e-01 8.341157457886136939e-01
-1.000000000000000021e-02 -1.000000000000000021e-02 0.000000000000000000e+00 1.000000000000000021e-02 1.000000000000000021e-02 7.468907563025209129e+01 7.468907563025209129e+01 4.000000000000000222e-01 2.000000000000000111e-01 0.000000000000000000e+00 2.000000000000000111e-01 4.000000000000000222e-01 8.343382082279123813e-01 8.345983118344844076e-01 8.313852094720490804e-01 8.345275835436893885e-01 8.341677822318590563e-01
-1.000000000000000021e-02 -1.000000000000000021e-02 0.000000000000000000e+00 1.000000000000000021e-02 1.000000000000000021e-02 7.535294117647057988e+01 7.535294117647057988e+01 4.000000000000000222e-01 2.000000000000000111e-01 0.000000000000000000e+00 2.000000000000000111e-01 4.000000000000000222e-01 8.343977885195299482e-01 8.346197435379197893e-01 8.314944887584706512e-01 8.345899896475490465e-01 8.342160310796982170e-01
-1.000000000000000021e-02 -1.000000000000000021e-02 0.000000000000000000e+00 1.000000000000000021e-02 1.000000000000000021e-02 7.601680672268906847e+01 7.601680672268906847e+01 4.000000000000000222e-01 2.000000000000000111e-01 0.000000000000000000e+00 2.000000000000000111e-01 4.000000000000000222e-01 8.344369963542962454e-01 8.346713754052321743e-01 8.316679088343116311e-01 8.346219007015069913e-01 8.342802959442955357e-01
-1.000000000000000021e-02 -1.000000000000000021e-02 0.000000000000000000e+00 1.000000000000000021e-02 1.000000000000000021e-02 7.668067226890755705e+01 7.668067226890755705e+01 4.000000000000000222e-01 2.000000000000000111e-01 0.000000000000000000e+00 2.000000000000000111e-01 4.000000000000000222e-01 8.344678033304760989e-01 8.347078050199721044e-01 8.317094387170979042e-01 8.346430928848651565e-01 8.343362568389020018e-01
-1.000000000000000021e-02 -1.000000000000000021e-02 0.000000000000000000e+00 1.000000000000000021e-02 1.000000000000000021e-02 7.734453781512604564e+01 7.734453781512604564e+01 4.000000000000000222e-01 2.000000000000000111e-01 0.000000000000000000e+00 2.000000000000000111e-01 4.000000000000000222e-01 8.345215979739390999e-01 8.347353799782100126e-01 8.318456393261328685e-01 8.346997817004113696e-01 8.343764167280544042e-01
-1.000000000000000021e-02 -1.000000000000000021e-02 0.000000000000000000e+00 1.000000000000000021e-02 1.000000000000000021e-02 7.800840336134453423e+01 7.800840336134453423e+01 4.000000000000000222e-01 2.000000000000000111e-01 0.000000000000000000e+00 2.000000000000000111e-01 4.000000000000000222e-01 8.345656835382120331e-01 8.347626132048975300e-01 8.320089937620827047e-01 8.347231057730963855e-01 8.344386952378656241e-01
-1.000000000000000021e-02 -1.000000000000000021e-02 0.000000000000000000e+00 1.000000000000000021e-02 1.000000000000000021e-02 7.867226890756302282e+01 7.867226890756302282e+01 4.000000000000000222e-01 2.000000000000000111e-01 0.000000000000000000e+00 2.000000000000000111e-01 4.000000000000000222e-01 8.346033270858471687e-01 8.347710639921144260e-01 8.320798045332324921e-01 8.347570646092775659e-01 8.344725090775680920e-01
-1.000000000000000021e-02 -1.000000000000000021e-02 0.000000000000000000e+00 1.000000000000000021e-02 1.000000000000000021e-02 7.933613445378151141e+01 7.933613445378151141e+01 4.000000000000000222e-01 2.000000000000000111e-01 0.000000000000000000e+00 2.000000000000000111e-01 4.000000000000000222e-01 8.346227608822833766e-01 8.348083194856231737e-01 8.322100439412238870e-01 8.347799030431453104e-01 8.345263381561069949e-01
-1.000000000000000021e-02 -1.000000000000000021e-02 0.000000000000000000e+00 1.000000000000000021e-02 1.000000000000000021e-02 8.000000000000000000e+01 8.000000000000000000e+01 4.000000000000000222e-01 2.000000000000000111e-01 0.000000000000000000e+00 2.000000000000000111e-01 4.000000000000000222e-01 8.346736170335218308e-01 8.348387168682401827e-01 8.322471472579052731e-01 8.348218478767790440e-01 8.345708551848490808e-01
