-1.000000000000000056e-01 1.000000000000000000e+00 5.000000000000000000e+00 1.000000000000000000e+01 2.000000000000000000e+01 4.000000000000000000e+01 8.000000000000000000e+01 1.000000000000000000e+00 5.000000000000000000e+00 1.000000000000000000e+01 2.000000000000000000e+01 4.000000000000000000e+01 8.000000000000000000e+01 1.000000000000000000e+00 4.763182015882160836e-01 3.771457427282686736e-01 2.615723471980870851e-01 7.465908859901970729e-02 8.449429943498314444e-01 8.449429943599573445e-01
-9.800000000000000377e-02 1.000000000000000000e+00 5.000000000000000000e+00 1.000000000000000000e+01 2.000000000000000000e+01 4.000000000000000000e+01 8.000000000000000000e+01 1.000000000000000000e+00 5.000000000000000000e+00 1.000000000000000000e+01 2.000000000000000000e+01 4.000000000000000000e+01 8.000000000000000000e+01 1.000000000000000000e+00 4.763182015882700959e-01 3.778638514459241038e-01 2.628682208948463495e-01 7.476212088726109928e-02 8.449429943449932034e-01 8.449429943596817871e-01
-9.600000000000000200e-02 1.000000000000000000e+00 5.000000000000000000e+00 1.000000000000000000e+01 2.000000000000000000e+01 4.000000000000000000e+01 8.000000000000000000e+01 1.000000000000000000e+00 5.000000000000000000e+00 1.000000000000000000e+01 2.000000000000000000e+01 4.000000000000000000e+01 8.000000000000000000e+01 1.000000000000000000e+00 4.763182015883214437e-01 3.785478042301669288e-01 2.641186992444771175e-01 7.531615234521514546e-02 8.449429943370369012e-01 8.449429943594045644e-01
-9.400000000000000022e-02 1.000000000000000000e+00 5.000000000000000000e+00 1.000000000000000000e+01 2.000000000000000000e+01 4.000000000000000000e+01 8.000000000000000000e+01 1.000000000000000000e+00 5.000000000000000000e+00 1.000000000000000000e+01 2.000000000000000000e+01 4.000000000000000000e+01 8.000000000000000000e+01 1.000000000000000000e+00 4.763182015883700715e-01 3.791990129128783860e-01 5.393588111769918036e-01 6.678483630372681334e-01 8.449429943578148361e-01 8.449429943608454119e-01
-9.199999999999999845e-02 1.000000000000000000e+00 5.000000000000000000e+00 1.000000000000000000e+01 2.000000000000000000e+01 4.000000000000000000e+01 8.000000000000000000e+01 1.000000000000000000e+00 5.000000000000000000e+00 1.000000000000000000e+01 2.000000000000000000e+01 4.000000000000000000e+01 8.000000000000000000e+01 1.000000000000000000e+00 4.763182015884157017e-01 3.798188516411560300e-01 4.843660714138842693e-01 6.525423393748224221e-01 8.449429943573849577e-01 8.449429943605739624e-01
-9.000000000000001055e-02 1.000000000000000000e+00 5.000000000000000000e+00 1.000000000000000000e+01 2.000000000000000000e+01 4.000000000000000000e+01 8.000000000000000000e+01 1.000000000000000000e+00 5.000000000000000000e+00 1.000000000000000000e+01 2.000000000000000000e+01 4.000000000000000000e+01 8.000000000000000000e+01 1.000000000000000000e+00 4.763182015884593334e-01 3.804086557654429157e-01 3.993835423184933786e-01 6.413970353815952041e-01 8.449429943569568557e-01 8.449429943603006254e-01
-8.800000000000000877e-02 1.000000000000000000e+00 5.000000000000000000e+00 1.000000000000000000e+01 2.000000000000000000e+01 4.000000000000000000e+01 8.000000000000000000e+01 1.000000000000000000e+00 5.000000000000000000e+00 1.000000000000000000e+01 2.000000000000000000e+01 4.000000000000000000e+01 8.000000000000000000e+01 1.000000000000000000e+00 4.763182015885003562e-01 3.809697210030997816e-01 2.809834035700465860e-01 6.297569081457826679e-01 8.449429943565313073e-01 8.449429943600264004e-01
-8.600000000000000699e-02 1.000000000000000000e+00 5.000000000000000000e+00 1.000000000000000000e+01 2.000000000000000000e+01 4.000000000000000000e+01 8.000000000000000000e+01 1.000000000000000000e+00 5.000000000000000000e+00 1.000000000000000000e+01 2.000000000000000000e+01 4.000000000000000000e+01 8.000000000000000000e+01 1.000000000000000000e+00 4.763182015885393250e-01 3.815033028537804238e-01 2.340032349280711521e-01 6.166482739245048306e-01 8.449429943561072021e-01 8.449429943597509540e-01
-8.400000000000000522e-02 1.000000000000000000e+00 5.000000000000000000e+00 1.000000000000000000e+01 2.000000000000000000e+01 4.000000000000000000e+01 8.000000000000000000e+01 1.000000000000000000e+00 5.000000000000000000e+00 1.000000000000000000e+01 2.000000000000000000e+01 4.000000000000000000e+01 8.000000000000000000e+01 1.000000000000000000e+00 4.763182015885763509e-01 3.820106162436301411e-01 2.149436390585971191e-01 6.017009081643192037e-01 8.449429943556410194e-01 8.449429943594739534e-01
-8.200000000000000344e-02 1.000000000000000000e+00 5.000000000000000000e+00 1.000000000000000000e+01 2.000000000000000000e+01 4.000000000000000000e+01 8.000000000000000000e+01 1.000000000000000000e+00 5.000000000000000000e+00 1.000000000000000000e+01 2.000000000000000000e+01 4.000000000000000000e+01 8.000000000000000000e+01 1.000000000000000000e+00 4.763182015886111009e-01 3.824928353762273026e-01 2.062311280342436770e-01 5.843533998213461533e-01 8.449429943551503008e-01 8.449429943591960646e-01
-8.000000000000000167e-02 1.000000000000000000e+00 5.000000000000000000e+00 1.000000000000000000e+01 2.000000000000000000e+01 4.000000000000000000e+01 8.000000000000000000e+01 1.000000000000000000e+00 5.000000000000000000e+00 1.000000000000000000e+01 2.000000000000000000e+01 4.000000000000000000e+01 8.000000000000000000e+01 1.000000000000000000e+00 4.763182015886440746e-01 3.829510937691218975e-01 2.025843714647764804e-01 5.637698390060985609e-01 8.449429943545714305e-01 8.449429943606416860e-01
-7.800000000000001377e-02 1.000000000000000000e+00 5.000000000000000000e+00 1.000000000000000000e+01 2.000000000000000000e+01 4.000000000000000000e+01 8.000000000000000000e+01 1.000000000000000000e+00 5.000000000000000000e+00 1.000000000000000000e+01 2.000000000000000000e+01 4.000000000000000000e+01 8.000000000000000000e+01 1.000000000000000000e+00 4.763182015886753273e-01 3.833864844559244367e-01 2.018257215189007969e-01 5.386229287586803416e-01 8.449429943536658216e-01 8.449429943603694593e-01
-7.600000000000001199e-02 1.000000000000000000e+00 5.000000000000000000e+00 1.000000000000000000e+01 2.000000000000000000e+01 4.000000000000000000e+01 8.000000000000000000e+01 1.000000000000000000e+00 5.000000000000000000e+00 1.000000000000000000e+01 2.000000000000000000e+01 4.000000000000000000e+01 8.000000000000000000e+01 1.000000000000000000e+00 4.763182015887047482e-01 3.838000603350016915e-01 2.029093848004791534e-01 5.066695143359938314e-01 8.449429943515093244e-01 8.449429943600950121e-01
-7.400000000000001021e-02 1.000000000000000000e+00 5.000000000000000000e+00 1.000000000000000000e+01 2.000000000000000000e+01 4.000000000000000000e+01 8.000000000000000000e+01 1.000000000000000000e+00 5.000000000000000000e+00 1.000000000000000000e+01 2.000000000000000000e+01 4.000000000000000000e+01 8.000000000000000000e+01 1.000000000000000000e+00 4.763182015887326148e-01 3.841928346470078193e-01 2.049969429062197812e-01 4.637966385012194381e-01 8.449429943477273497e-01 8.449429943598198989e-01
-7.200000000000000844e-02 1.000000000000000000e+00 5.000000000000000000e+00 1.000000000000000000e+01 2.000000000000000000e+01 4.000000000000000000e+01 8.000000000000000000e+01 1.000000000000000000e+00 5.000000000000000000e+00 1.000000000000000000e+01 2.000000000000000000e+01 4.000000000000000000e+01 8.000000000000000000e+01 1.000000000000000000e+00 4.763182015887588161e-01 3.845657815646749134e-01 2.073360059465272076e-01 4.015396818786915456e-01 8.449429943415489586e-01 8.449429943595434533e-01
-7.000000000000000666e-02 1.000000000000000000e+00 5.000000000000000000e+00 1.000000000000000000e+01 2.000000000000000000e+01 4.000000000000000000e+01 8.000000000000000000e+01 1.000000000000000000e+00 5.000000000000000000e+00 1.000000000000000000e+01 2.000000000000000000e+01 4.000000000000000000e+01 8.000000000000000000e+01 1.000000000000000000e+00 4.763182015887840182e-01 3.849198368794584657e-01 2.096947265977439079e-01 2.990476315912900529e-01 8.449429943306414614e-01 8.449429943592654535e-01
-6.800000000000000488e-02 1.000000000000000000e+00 5.000000000000000000e+00 1.000000000000000000e+01 2.000000000000000000e+01 4.000000000000000000e+01 8.000000000000000000e+01 1.000000000000000000e+00 5.000000000000000000e+00 1.000000000000000000e+01 2.000000000000000000e+01 4.000000000000000000e+01 8.000000000000000000e+01 1.000000000000000000e+00 4.763182015888075549e-01 3.852558987707977445e-01 2.121970924406834380e-01 1.688927828945510912e-01 8.449429943575997859e-01 8.449429943607097426e-01
-6.600000000000000311e-02 1.000000000000000000e+00 5.000000000000000000e+00 1.000000000000000000e+01 2.000000000000000000e+01 4.000000000000000000e+01 8.000000000000000000e+01 1.000000000000000000e+00 5.000000000000000000e+00 1.000000000000000000e+01 2.000000000000000000e+01 4.000000000000000000e+01 8.000000000000000000e+01 1.000000000000000000e+00 4.763182015888300924e-01 3.855748286449292572e-01 2.147768376463556339e-01 1.223804883458893267e-01 8.449429943571709067e-01 8.449429943604375159e-01
-6.400000000000000133e-02 1.000000000000000000e+00 5.000000000000000000e+00 1.000000000000000000e+01 2.000000000000000000e+01 4.000000000000000000e+01 8.000000000000000000e+01 1.000000000000000000e+00 5.000000000000000000e+00 1.000000000000000000e+01 2.000000000000000000e+01 4.000000000000000000e+01 8.000000000000000000e+01 1.000000000000000000e+00 4.763182015888514087e-01 3.858774520312502343e-01 2.173710222772169964e-01 1.017023286965527268e-01 8.449429943567441370e-01 8.449429943601637349e-01
-6.200000000000000649e-02 1.000000000000000000e+00 5.000000000000000000e+00 1.000000000000000000e+01 2.000000000000000000e+01 4.000000000000000000e+01 8.000000000000000000e+01 1.000000000000000000e+00 5.000000000000000000e+00 1.000000000000000000e+01 2.000000000000000000e+01 4.000000000000000000e+01 8.000000000000000000e+01 1.000000000000000000e+00 4.763182015888712817e-01 3.861645595253491159e-01 2.199060320227907706e-01 9.058639726015138560e-02 8.449429943563191436e-01 8.449429943598885107e-01
-6.000000000000000472e-02 1.000000000000000000e+00 5.000000000000000000e+00 1.000000000000000000e+01 2.000000000000000000e+01 4.000000000000000000e+01 8.000000000000000000e+01 1.000000000000000000e+00 5.000000000000000000e+00 1.000000000000000000e+01 2.000000000000000000e+01 4.000000000000000000e+01 8.000000000000000000e+01 1.000000000000000000e+00 4.763182015888903775e-01 3.864369077687938026e-01 2.223805311314357436e-01 8.397020966218582405e-02 8.449429943558687262e-01 8.449429943596126202e-01
-5.800000000000000294e-02 1.000000000000000000e+00 5.000000000000000000e+00 1.000000000000000000e+01 2.000000000000000000e+01 4.000000000000000000e+01 8.000000000000000000e+01 1.000000000000000000e+00 5.000000000000000000e+00 1.000000000000000000e+01 2.000000000000000000e+01 4.000000000000000000e+01 8.000000000000000000e+01 1.000000000000000000e+00 4.763182015889081966e-01 3.866952204567712936e-01 2.247933822992617403e-01 7.984830201210800504e-02 8.449429943554418454e-01 8.449429943593352865e-01
-5.600000000000000810e-02 1.000000000000000000e+00 5.000000000000000000e+00 1.000000000000000000e+01 2.000000000000000000e+01 4.000000000000000000e+01 8.000000000000000000e+01 1.000000000000000000e+00 5.000000000000000000e+00 1.000000000000000000e+01 2.000000000000000000e+01 4.000000000000000000e+01 8.000000000000000000e+01 1.000000000000000000e+00 4.763182015889251830e-01 3.869401893655450286e-01 2.271436454925450654e-01 7.731909531013274328e-02 8.449429943548600885e-01 8.449429943607779103e-01
-5.400000000000000633e-02 1.000000000000000000e+00 5.000000000000000000e+00 1.000000000000000000e+01 2.000000000000000000e+01 4.000000000000000000e+01 8.000000000000000000e+01 1.000000000000000000e+00 5.000000000000000000e+00 1.000000000000000000e+01 2.000000000000000000e+01 4.000000000000000000e+01 8.000000000000000000e+01 1.000000000000000000e+00 4.763182015889412257e-01 3.871724753925883666e-01 2.294305754003111431e-01 7.579437601585210793e-02 8.449429943542831056e-01 8.449429943605054616e-01
-5.200000000000000455e-02 1.000000000000000000e+00 5.000000000000000000e+00 1.000000000000000000e+01 2.000000000000000000e+01 4.000000000000000000e+01 8.000000000000000000e+01 1.000000000000000000e+00 5.000000000000000000e+00 1.000000000000000000e+01 2.000000000000000000e+01 4.000000000000000000e+01 8.000000000000000000e+01 1.000000000000000000e+00 4.763182015889560472e-01 3.873927096030356787e-01 2.316536176021703475e-01 7.496392457818479294e-02 8.449429943527291265e-01 8.449429943602322357e-01
-5.000000000000000278e-02 1.000000000000000000e+00 5.000000000000000000e+00 1.000000000000000000e+01 2.000000000000000000e+01 4.000000000000000000e+01 8.000000000000000000e+01 1.000000000000000000e+00 5.000000000000000000e+00 1.000000000000000000e+01 2.000000000000000000e+01 4.000000000000000000e+01 8.000000000000000000e+01 1.000000000000000000e+00 4.763182015889705911e-01 3.876014942767996296e-01 2.338124035499736797e-01 7.465908859901962402e-02 8.449429943498314444e-01 8.449429943599573445e-01
-4.800000000000000100e-02 1.000000000000000000e+00 5.000000000000000000e+00 1.000000000000000000e+01 2.000000000000000000e+01 4.000000000000000000e+01 8.000000000000000000e+01 1.000000000000000000e+00 5.000000000000000000e+00 1.000000000000000000e+01 2.000000000000000000e+01 4.000000000000000000e+01 8.000000000000000000e+01 1.000000000000000000e+00 4.763182015889840804e-01 3.877994039514579550e-01 2.359067444728079055e-01 7.476212088726108540e-02 8.449429943449932034e-01 8.449429943596817871e-01
-4.600000000000000616e-02 1.000000000000000000e+00 5.000000000000000000e+00 1.000000000000000000e+01 2.000000000000000000e+01 4.000000000000000000e+01 8.000000000000000000e+01 1.000000000000000000e+00 5.000000000000000000e+00 1.000000000000000000e+01 2.000000000000000000e+01 4.000000000000000000e+01 8.000000000000000000e+01 1.000000000000000000e+00 4.763182015889971255e-01 3.879869864565679838e-01 2.379366243232090283e-01 7.531615234521508995e-02 8.449429943370369012e-01 8.449429943594045644e-01
-4.400000000000000439e-02 1.000000000000000000e+00 5.000000000000000000e+00 1.000000000000000000e+01 2.000000000000000000e+01 4.000000000000000000e+01 8.000000000000000000e+01 1.000000000000000000e+00 5.000000000000000000e+00 1.000000000000000000e+01 2.000000000000000000e+01 4.000000000000000000e+01 8.000000000000000000e+01 1.000000000000000000e+00 4.763182015890092269e-01 3.881647639357124202e-01 2.399021918882250914e-01 6.678483630372629154e-01 8.449429943578148361e-01 8.449429943608454119e-01
-4.200000000000000261e-02 1.000000000000000000e+00 5.000000000000000000e+00 1.000000000000000000e+01 2.000000000000000000e+01 4.000000000000000000e+01 8.000000000000000000e+01 1.000000000000000000e+00 5.000000000000000000e+00 1.000000000000000000e+01 2.000000000000000000e+01 4.000000000000000000e+01 8.000000000000000000e+01 1.000000000000000000e+00 4.763182015890206622e-01 3.883332338530400274e-01 2.418037521921419242e-01 6.525423393748170930e-01 8.449429943573849577e-01 8.449429943605739624e-01
-4.000000000000000777e-02 1.000000000000000000e+00 5.000000000000000000e+00 1.000000000000000000e+01 2.000000000000000000e+01 4.000000000000000000e+01 8.000000000000000000e+01 1.000000000000000000e+00 5.000000000000000000e+00 1.000000000000000000e+01 2.000000000000000000e+01 4.000000000000000000e+01 8.000000000000000000e+01 1.000000000000000000e+00 4.763182015890314314e-01 3.884928699816150854e-01 2.436417573184727348e-01 6.413970353815986458e-01 8.449429943569568557e-01 8.449429943603006254e-01
-3.800000000000000600e-02 1.000000000000000000e+00 5.000000000000000000e+00 1.000000000000000000e+01 2.000000000000000000e+01 4.000000000000000000e+01 8.000000000000000000e+01 1.000000000000000000e+00 5.000000000000000000e+00 1.000000000000000000e+01 2.000000000000000000e+01 4.000000000000000000e+01 8.000000000000000000e+01 1.000000000000000000e+00 4.763182015890419785e-01 3.886441233712666365e-01 2.454167967773472347e-01 6.297569081457803364e-01 8.449429943565313073e-01 8.449429943600264004e-01
-3.600000000000000422e-02 1.000000000000000000e+00 5.000000000000000000e+00 1.000000000000000000e+01 2.000000000000000000e+01 4.000000000000000000e+01 8.000000000000000000e+01 1.000000000000000000e+00 5.000000000000000000e+00 1.000000000000000000e+01 2.000000000000000000e+01 4.000000000000000000e+01 8.000000000000000000e+01 1.000000000000000000e+00 4.763182015890515264e-01 3.887874232940576880e-01 2.471295875409810217e-01 6.166482739245049416e-01 8.449429943561072021e-01 8.449429943597509540e-01
-3.400000000000000244e-02 1.000000000000000000e+00 5.000000000000000000e+00 1.000000000000000000e+01 2.000000000000000000e+01 4.000000000000000000e+01 8.000000000000000000e+01 1.000000000000000000e+00 5.000000000000000000e+00 1.000000000000000000e+01 2.000000000000000000e+01 4.000000000000000000e+01 8.000000000000000000e+01 1.000000000000000000e+00 4.763182015890608523e-01 3.889231781658289422e-01 2.487809638646450716e-01 6.017009081643241997e-01 8.449429943556410194e-01 8.449429943594739534e-01
-3.200000000000000067e-02 1.000000000000000000e+00 5.000000000000000000e+00 1.000000000000000000e+01 2.000000000000000000e+01 4.000000000000000000e+01 8.000000000000000000e+01 1.000000000000000000e+00 5.000000000000000000e+00 1.000000000000000000e+01 2.000000000000000000e+01 4.000000000000000000e+01 8.000000000000000000e+01 1.000000000000000000e+00 4.763182015890697341e-01 3.890517764426055236e-01 2.503718670038881378e-01 5.843533998213419345e-01 8.449429943551503008e-01 8.449429943591960646e-01
-2.999999999999999889e-02 1.000000000000000000e+00 5.000000000000000000e+00 1.000000000000000000e+01 2.000000000000000000e+01 4.000000000000000000e+01 8.000000000000000000e+01 1.000000000000000000e+00 5.000000000000000000e+00 1.000000000000000000e+01 2.000000000000000000e+01 4.000000000000000000e+01 8.000000000000000000e+01 1.000000000000000000e+00 4.763182015890781162e-01 3.891735874909169612e-01 2.519033349308036906e-01 5.637698390061045561e-01 8.449429943545714305e-01 8.449429943606416860e-01
-2.799999999999999711e-02 1.000000000000000000e+00 5.000000000000000000e+00 1.000000000000000000e+01 2.000000000000000000e+01 4.000000000000000000e+01 8.000000000000000000e+01 1.000000000000000000e+00 5.000000000000000000e+00 1.000000000000000000e+01 2.000000000000000000e+01 4.000000000000000000e+01 8.000000000000000000e+01 1.000000000000000000e+00 4.763182015890855547e-01 3.892889624313488617e-01 2.533764921433605544e-01 5.386229287586778991e-01 8.449429943536658216e-01 8.449429943603694593e-01
-2.600000000000000921e-02 1.000000000000000000e+00 5.000000000000000000e+00 1.000000000000000000e+01 2.000000000000000000e+01 4.000000000000000000e+01 8.000000000000000000e+01 1.000000000000000000e+00 5.000000000000000000e+00 1.000000000000000000e+01 2.000000000000000000e+01 4.000000000000000000e+01 8.000000000000000000e+01 1.000000000000000000e+00 4.763182015890927712e-01 3.893982349548612554e-01 2.547925396522923158e-01 5.066695143359891684e-01 8.449429943515093244e-01 8.449429943600950121e-01
-2.400000000000000744e-02 1.000000000000000000e+00 5.000000000000000000e+00 1.000000000000000000e+01 2.000000000000000000e+01 4.000000000000000000e+01 8.000000000000000000e+01 1.000000000000000000e+00 5.000000000000000000e+00 1.000000000000000000e+01 2.000000000000000000e+01 4.000000000000000000e+01 8.000000000000000000e+01 1.000000000000000000e+00 4.763182015891000987e-01 3.895017221116044981e-01 2.561527452202460031e-01 4.637966385012315396e-01 8.449429943477273497e-01 8.449429943598198989e-01
-2.200000000000000566e-02 1.000000000000000000e+00 5.000000000000000000e+00 1.000000000000000000e+01 2.000000000000000000e+01 4.000000000000000000e+01 8.000000000000000000e+01 1.000000000000000000e+00 5.000000000000000000e+00 1.000000000000000000e+01 2.000000000000000000e+01 4.000000000000000000e+01 8.000000000000000000e+01 1.000000000000000000e+00 4.763182015891063159e-01 3.895997250721318084e-01 2.574584339178470072e-01 4.015396818787024258e-01 8.449429943415489586e-01 8.449429943595434533e-01
-2.000000000000000389e-02 1.000000000000000000e+00 5.000000000000000000e+00 1.000000000000000000e+01 2.000000000000000000e+01 4.000000000000000000e+01 8.000000000000000000e+01 1.000000000000000000e+00 5.000000000000000000e+00 1.000000000000000000e+01 2.000000000000000000e+01 4.000000000000000000e+01 8.000000000000000000e+01 1.000000000000000000e+00 4.763182015891130328e-01 3.896925298610587340e-01 2.587109790514228180e-01 2.990476315913153105e-01 8.449429943306414614e-01 8.449429943592654535e-01
-1.800000000000000211e-02 1.000000000000000000e+00 5.000000000000000000e+00 1.000000000000000000e+01 2.000000000000000000e+01 4.000000000000000000e+01 8.000000000000000000e+01 1.000000000000000000e+00 5.000000000000000000e+00 1.000000000000000000e+01 2.000000000000000000e+01 4.000000000000000000e+01 8.000000000000000000e+01 1.000000000000000000e+00 4.763182015891188614e-01 3.897804080633656687e-01 2.599117935074391483e-01 1.688927828945488707e-01 8.449429943575997859e-01 8.449429943607097426e-01
-1.600000000000000033e-02 1.000000000000000000e+00 5.000000000000000000e+00 1.000000000000000000e+01 2.000000000000000000e+01 4.000000000000000000e+01 8.000000000000000000e+01 1.000000000000000000e+00 5.000000000000000000e+00 1.000000000000000000e+01 2.000000000000000000e+01 4.000000000000000000e+01 8.000000000000000000e+01 1.000000000000000000e+00 4.763182015891243570e-01 3.898636175036059304e-01 2.610007235255205060e-01 1.223804883458899234e-01 8.449429943571709067e-01 8.449429943604375159e-01
-1.399999999999999856e-02 1.000000000000000000e+00 5.000000000000000000e+00 1.000000000000000000e+01 2.000000000000000000e+01 4.000000000000000000e+01 8.000000000000000000e+01 1.000000000000000000e+00 5.000000000000000000e+00 1.000000000000000000e+01 2.000000000000000000e+01 4.000000000000000000e+01 8.000000000000000000e+01 1.000000000000000000e+00 4.763182015891296306e-01 3.899424028984350143e-01 2.585613864265663975e-01 1.017023286965526158e-01 8.449429943567441370e-01 8.449429943601637349e-01
-1.200000000000001066e-02 1.000000000000000000e+00 5.000000000000000000e+00 1.000000000000000000e+01 2.000000000000000000e+01 4.000000000000000000e+01 8.000000000000000000e+01 1.000000000000000000e+00 5.000000000000000000e+00 1.000000000000000000e+01 2.000000000000000000e+01 4.000000000000000000e+01 8.000000000000000000e+01 1.000000000000000000e+00 4.763182015891348486e-01 3.900169964829122704e-01 2.529756834169808455e-01 9.058639726015157989e-02 8.449429943563191436e-01 8.449429943598885107e-01
-1.000000000000000888e-02 1.000000000000000000e+00 5.000000000000000000e+00 1.000000000000000000e+01 2.000000000000000000e+01 4.000000000000000000e+01 8.000000000000000000e+01 1.000000000000000000e+00 5.000000000000000000e+00 1.000000000000000000e+01 2.000000000000000000e+01 4.000000000000000000e+01 8.000000000000000000e+01 1.000000000000000000e+00 4.751227287696084267e-01 3.859040909050516777e-01 2.544948336121424792e-01 8.397020966218592120e-02 8.449429943558687262e-01 8.449429943596126202e-01
-8.000000000000007105e-03 1.000000000000000000e+00 5.000000000000000000e+00 1.000000000000000000e+01 2.000000000000000000e+01 4.000000000000000000e+01 8.000000000000000000e+01 1.000000000000000000e+00 5.000000000000000000e+00 1.000000000000000000e+01 2.000000000000000000e+01 4.000000000000000000e+01 8.000000000000000000e+01 1.000000000000000000e+00 4.729830237741047827e-01 3.784093976359862999e-01 2.559085165734488743e-01 7.984830201210782463e-02 8.449429943554418454e-01 8.449429943593352865e-01
-6.000000000000005329e-03 1.000000000000000000e+00 5.000000000000000000e+00 1.000000000000000000e+01 2.000000000000000000e+01 4.000000000000000000e+01 8.000000000000000000e+01 1.000000000000000000e+00 5.000000000000000000e+00 1.000000000000000000e+01 2.000000000000000000e+01 4.000000000000000000e+01 8.000000000000000000e+01 1.000000000000000000e+00 4.734878496735067110e-01 3.793272757320754751e-01 2.573990940900420799e-01 7.731909531013271553e-02 8.449429943548600885e-01 8.449429943607779103e-01
-4.000000000000003553e-03 1.000000000000000000e+00 5.000000000000000000e+00 1.000000000000000000e+01 2.000000000000000000e+01 4.000000000000000000e+01 8.000000000000000000e+01 1.000000000000000000e+00 5.000000000000000000e+00 1.000000000000000000e+01 2.000000000000000000e+01 4.000000000000000000e+01 8.000000000000000000e+01 1.000000000000000000e+00 4.739844871128565118e-01 3.802151828845237724e-01 2.588390851420524497e-01 7.579437601585192752e-02 8.449429943542831056e-01 8.449429943605054616e-01
-2.000000000000001776e-03 1.000000000000000000e+00 5.000000000000000000e+00 1.000000000000000000e+01 2.000000000000000000e+01 4.000000000000000000e+01 8.000000000000000000e+01 1.000000000000000000e+00 5.000000000000000000e+00 1.000000000000000000e+01 2.000000000000000000e+01 4.000000000000000000e+01 8.000000000000000000e+01 1.000000000000000000e+00 4.744733178136795737e-01 3.810743566324831799e-01 2.602297405289393795e-01 7.496392457818458477e-02 8.449429943527291265e-01 8.449429943602322357e-01
0.000000000000000000e+00 1.000000000000000000e+00 5.000000000000000000e+00 1.000000000000000000e+01 2.000000000000000000e+01 4.000000000000000000e+01 8.000000000000000000e+01 1.000000000000000000e+00 5.000000000000000000e+00 1.000000000000000000e+01 2.000000000000000000e+01 4.000000000000000000e+01 8.000000000000000000e+01 1.000000000000000000e+00 4.749547091377414598e-01 3.819060004559541865e-01 2.615723471980871406e-01 7.465908859901961014e-02 8.449429943498314444e-01 8.449429943599573445e-01
2.000000000000001776e-03 1.000000000000000000e+00 5.000000000000000000e+00 1.000000000000000000e+01 2.000000000000000000e+01 4.000000000000000000e+01 8.000000000000000000e+01 1.000000000000000000e+00 5.000000000000000000e+00 1.000000000000000000e+01 2.000000000000000000e+01 4.000000000000000000e+01 8.000000000000000000e+01 1.000000000000000000e+00 4.754290143370730193e-01 3.827112830254405518e-01 2.628682208948460719e-01 7.476212088726098826e-02 8.449429943449932034e-01 8.449429943596817871e-01
4.000000000000003553e-03 1.000000000000000000e+00 5.000000000000000000e+00 1.000000000000000000e+01 2.000000000000000000e+01 4.000000000000000000e+01 8.000000000000000000e+01 1.000000000000000000e+00 5.000000000000000000e+00 1.000000000000000000e+01 2.000000000000000000e+01 4.000000000000000000e+01 8.000000000000000000e+01 1.000000000000000000e+00 4.758965728317901545e-01 3.834913376689481068e-01 2.641186992444770620e-01 7.531615234521539526e-02 8.449429943370369012e-01 8.449429943594045644e-01
5.999999999999991451e-03 1.000000000000000000e+00 5.000000000000000000e+00 1.000000000000000000e+01 2.000000000000000000e+01 4.000000000000000000e+01 8.000000000000000000e+01 1.000000000000000000e+00 5.000000000000000000e+00 1.000000000000000000e+01 2.000000000000000000e+01 4.000000000000000000e+01 8.000000000000000000e+01 1.000000000000000000e+00 5.182601504753435728e-01 5.339945488937567486e-01 5.393588111769881399e-01 6.678483630372565871e-01 8.449429943578148361e-01 8.449429943608454119e-01
7.999999999999993228e-03 1.000000000000000000e+00 5.000000000000000000e+00 1.000000000000000000e+01 2.000000000000000000e+01 4.000000000000000000e+01 8.000000000000000000e+01 1.000000000000000000e+00 5.000000000000000000e+00 1.000000000000000000e+01 2.000000000000000000e+01 4.000000000000000000e+01 8.000000000000000000e+01 1.000000000000000000e+00 5.115546621758192414e-01 5.012236875276563364e-01 4.843660714138895984e-01 6.525423393748246426e-01 8.449429943573849577e-01 8.449429943605739624e-01
9.999999999999995004e-03 1.000000000000000000e+00 5.000000000000000000e+00 1.000000000000000000e+01 2.000000000000000000e+01 4.000000000000000000e+01 8.000000000000000000e+01 1.000000000000000000e+00 5.000000000000000000e+00 1.000000000000000000e+01 2.000000000000000000e+01 4.000000000000000000e+01 8.000000000000000000e+01 1.000000000000000000e+00 5.049121446778193079e-01 4.636086411742241786e-01 3.993835423184836086e-01 6.413970353815948711e-01 8.449429943569568557e-01 8.449429943603006254e-01
1.199999999999999678e-02 1.000000000000000000e+00 5.000000000000000000e+00 1.000000000000000000e+01 2.000000000000000000e+01 4.000000000000000000e+01 8.000000000000000000e+01 1.000000000000000000e+00 5.000000000000000000e+00 1.000000000000000000e+01 2.000000000000000000e+01 4.000000000000000000e+01 8.000000000000000000e+01 1.000000000000000000e+00 4.983433526914849976e-01 4.203784519853858703e-01 2.809834035700536914e-01 6.297569081457857765e-01 8.449429943565313073e-01 8.449429943600264004e-01
1.399999999999999856e-02 1.000000000000000000e+00 5.000000000000000000e+00 1.000000000000000000e+01 2.000000000000000000e+01 4.000000000000000000e+01 8.000000000000000000e+01 1.000000000000000000e+00 5.000000000000000000e+00 1.000000000000000000e+01 2.000000000000000000e+01 4.000000000000000000e+01 8.000000000000000000e+01 1.000000000000000000e+00 4.918585982585389482e-01 3.706363342807643124e-01 2.340032349280713186e-01 6.166482739245053857e-01 8.449429943561072021e-01 8.449429943597509540e-01
1.600000000000000033e-02 1.000000000000000000e+00 5.000000000000000000e+00 1.000000000000000000e+01 2.000000000000000000e+01 4.000000000000000000e+01 8.000000000000000000e+01 1.000000000000000000e+00 5.000000000000000000e+00 1.000000000000000000e+01 2.000000000000000000e+01 4.000000000000000000e+01 8.000000000000000000e+01 1.000000000000000000e+00 4.854676757852336433e-01 3.349523982889651696e-01 2.149436390585963697e-01 6.017009081643207580e-01 8.449429943556410194e-01 8.449429943594739534e-01
1.800000000000000211e-02 1.000000000000000000e+00 5.000000000000000000e+00 1.000000000000000000e+01 2.000000000000000000e+01 4.000000000000000000e+01 8.000000000000000000e+01 1.000000000000000000e+00 5.000000000000000000e+00 1.000000000000000000e+01 2.000000000000000000e+01 4.000000000000000000e+01 8.000000000000000000e+01 1.000000000000000000e+00 4.791797951471027939e-01 3.189881565042029243e-01 2.062311280342440656e-01 5.843533998213465974e-01 8.449429943551503008e-01 8.449429943591960646e-01
1.999999999999999001e-02 1.000000000000000000e+00 5.000000000000000000e+00 1.000000000000000000e+01 2.000000000000000000e+01 4.000000000000000000e+01 8.000000000000000000e+01 1.000000000000000000e+00 5.000000000000000000e+00 1.000000000000000000e+01 2.000000000000000000e+01 4.000000000000000000e+01 8.000000000000000000e+01 1.000000000000000000e+00 4.730035238888444238e-01 3.120452495978728313e-01 2.025843714647759253e-01 5.637698390061043341e-01 8.449429943545714305e-01 8.449429943604747084e-01
2.199999999999999178e-02 1.000000000000000000e+00 5.000000000000000000e+00 1.000000000000000000e+01 2.000000000000000000e+01 4.000000000000000000e+01 8.000000000000000000e+01 1.000000000000000000e+00 5.000000000000000000e+00 1.000000000000000000e+01 2.000000000000000000e+01 4.000000000000000000e+01 8.000000000000000000e+01 1.000000000000000000e+00 4.669467392766577518e-01 3.100796440479605676e-01 2.018257215189009912e-01 5.386229287586750125e-01 8.449429943536658216e-01 8.449429943601017845e-01
2.399999999999999356e-02 1.000000000000000000e+00 5.000000000000000000e+00 1.000000000000000000e+01 2.000000000000000000e+01 4.000000000000000000e+01 8.000000000000000000e+01 1.000000000000000000e+00 5.000000000000000000e+00 1.000000000000000000e+01 2.000000000000000000e+01 4.000000000000000000e+01 8.000000000000000000e+01 1.000000000000000000e+00 4.610165906798039392e-01 3.111551780889899588e-01 2.029093848004789868e-01 5.066695143360004927e-01 8.449429943515093244e-01 8.449429943597049908e-01
2.599999999999999534e-02 1.000000000000000000e+00 5.000000000000000000e+00 1.000000000000000000e+01 2.000000000000000000e+01 4.000000000000000000e+01 8.000000000000000000e+01 1.000000000000000000e+00 5.000000000000000000e+00 1.000000000000000000e+01 2.000000000000000000e+01 4.000000000000000000e+01 8.000000000000000000e+01 1.000000000000000000e+00 4.553360956036792695e-01 3.135935922233527018e-01 2.049969429062198367e-01 4.637966385012262660e-01 8.449429943477273497e-01 8.449429943592634551e-01
2.799999999999999711e-02 1.000000000000000000e+00 5.000000000000000000e+00 1.000000000000000000e+01 2.000000000000000000e+01 4.000000000000000000e+01 8.000000000000000000e+01 1.000000000000000000e+00 5.000000000000000000e+00 1.000000000000000000e+01 2.000000000000000000e+01 4.000000000000000000e+01 8.000000000000000000e+01 1.000000000000000000e+00 4.531290858402527988e-01 3.161486095395968365e-01 2.073360059465272076e-01 4.015396818787130839e-01 8.449429943415489586e-01 8.449429943588232517e-01
2.999999999999999889e-02 1.000000000000000000e+00 5.000000000000000000e+00 1.000000000000000000e+01 2.000000000000000000e+01 4.000000000000000000e+01 8.000000000000000000e+01 1.000000000000000000e+00 5.000000000000000000e+00 1.000000000000000000e+01 2.000000000000000000e+01 4.000000000000000000e+01 8.000000000000000000e+01 1.000000000000000000e+00 4.539103030932315486e-01 3.188641023914360328e-01 2.096947265977436026e-01 2.990476315913218053e-01 8.449429943306414614e-01 8.449429943583846025e-01
3.200000000000000067e-02 1.000000000000000000e+00 5.000000000000000000e+00 1.000000000000000000e+01 2.000000000000000000e+01 4.000000000000000000e+01 8.000000000000000000e+01 1.000000000000000000e+00 5.000000000000000000e+00 1.000000000000000000e+01 2.000000000000000000e+01 4.000000000000000000e+01 8.000000000000000000e+01 1.000000000000000000e+00 4.548641969625097370e-01 3.216539118988225310e-01 2.121970924406832715e-01 1.688927828945528120e-01 8.449429943566655332e-01 8.449429943593762538e-01
3.400000000000000244e-02 1.000000000000000000e+00 5.000000000000000000e+00 1.000000000000000000e+01 2.000000000000000000e+01 4.000000000000000000e+01 8.000000000000000000e+01 1.000000000000000000e+00 5.000000000000000000e+00 1.000000000000000000e+01 2.000000000000000000e+01 4.000000000000000000e+01 8.000000000000000000e+01 1.000000000000000000e+00 4.557865805394075154e-01 3.243735508524215327e-01 2.147768376463561890e-01 1.223804883458894238e-01 8.449429943561959089e-01 8.449429943590979208e-01
3.600000000000000422e-02 1.000000000000000000e+00 5.000000000000000000e+00 1.000000000000000000e+01 2.000000000000000000e+01 4.000000000000000000e+01 8.000000000000000000e+01 1.000000000000000000e+00 5.000000000000000000e+00 1.000000000000000000e+01 2.000000000000000000e+01 4.000000000000000000e+01 8.000000000000000000e+01 1.000000000000000000e+00 4.566778170138631743e-01 3.270221985857157398e-01 2.173710222772171630e-01 1.017023286965528517e-01 8.449429943556280298e-01 8.449429943588181446e-01
3.800000000000000600e-02 1.000000000000000000e+00 5.000000000000000000e+00 1.000000000000000000e+01 2.000000000000000000e+01 4.000000000000000000e+01 8.000000000000000000e+01 1.000000000000000000e+00 5.000000000000000000e+00 1.000000000000000000e+01 2.000000000000000000e+01 4.000000000000000000e+01 8.000000000000000000e+01 1.000000000000000000e+00 4.575383145959217579e-01 3.295992234524409703e-01 2.199060320227911591e-01 9.058639726015201010e-02 8.449429943549709998e-01 8.449429943585369251e-01
4.000000000000000777e-02 1.000000000000000000e+00 5.000000000000000000e+00 1.000000000000000000e+01 2.000000000000000000e+01 4.000000000000000000e+01 8.000000000000000000e+01 1.000000000000000000e+00 5.000000000000000000e+00 1.000000000000000000e+01 2.000000000000000000e+01 4.000000000000000000e+01 8.000000000000000000e+01 1.000000000000000000e+00 4.583685235959630844e-01 3.321041799411811879e-01 2.223805311314355215e-01 8.397020966218537996e-02 8.449429943543186328e-01 8.449429943580654134e-01
4.200000000000000955e-02 1.000000000000000000e+00 5.000000000000000000e+00 1.000000000000000000e+01 2.000000000000000000e+01 4.000000000000000000e+01 8.000000000000000000e+01 1.000000000000000000e+00 5.000000000000000000e+00 1.000000000000000000e+01 2.000000000000000000e+01 4.000000000000000000e+01 8.000000000000000000e+01 1.000000000000000000e+00 4.591689333691019170e-01 3.345368046481704272e-01 2.247933822992617958e-01 7.984830201210814382e-02 8.449429943536707066e-01 8.449429943575941238e-01
4.400000000000001132e-02 1.000000000000000000e+00 5.000000000000000000e+00 1.000000000000000000e+01 2.000000000000000000e+01 4.000000000000000000e+01 8.000000000000000000e+01 1.000000000000000000e+00 5.000000000000000000e+00 1.000000000000000000e+01 2.000000000000000000e+01 4.000000000000000000e+01 8.000000000000000000e+01 1.000000000000000000e+00 4.599400691565408428e-01 3.368970111897633402e-01 2.271436454925448989e-01 7.731909531013241021e-02 8.449429943530278875e-01 8.449429943576867164e-01
4.599999999999998535e-02 1.000000000000000000e+00 5.000000000000000000e+00 1.000000000000000000e+01 2.000000000000000000e+01 4.000000000000000000e+01 8.000000000000000000e+01 1.000000000000000000e+00 5.000000000000000000e+00 1.000000000000000000e+01 2.000000000000000000e+01 4.000000000000000000e+01 8.000000000000000000e+01 1.000000000000000000e+00 4.606824888561693032e-01 3.391848841464210063e-01 2.294305754003101994e-01 7.579437601585164996e-02 8.449429943522661635e-01 8.449429943574005009e-01
4.799999999999998712e-02 1.000000000000000000e+00 5.000000000000000000e+00 1.000000000000000000e+01 2.000000000000000000e+01 4.000000000000000000e+01 8.000000000000000000e+01 1.000000000000000000e+00 5.000000000000000000e+00 1.000000000000000000e+01 2.000000000000000000e+01 4.000000000000000000e+01 8.000000000000000000e+01 1.000000000000000000e+00 4.613967797537055215e-01 3.414006721383728293e-01 2.316536176021702087e-01 7.496392457818483457e-02 8.449429943501478579e-01 8.449429943571132862e-01
4.999999999999998890e-02 1.000000000000000000e+00 5.000000000000000000e+00 1.000000000000000000e+01 2.000000000000000000e+01 4.000000000000000000e+01 8.000000000000000000e+01 1.000000000000000000e+00 5.000000000000000000e+00 1.000000000000000000e+01 2.000000000000000000e+01 4.000000000000000000e+01 8.000000000000000000e+01 1.000000000000000000e+00 4.620835552442936756e-01 3.435447801392753631e-01 2.338124035499739017e-01 7.465908859901977668e-02 8.449429943465586179e-01 8.449429943568245172e-01
5.199999999999999067e-02 1.000000000000000000e+00 5.000000000000000000e+00 1.000000000000000000e+01 2.000000000000000000e+01 4.000000000000000000e+01 8.000000000000000000e+01 1.000000000000000000e+00 5.000000000000000000e+00 1.000000000000000000e+01 2.000000000000000000e+01 4.000000000000000000e+01 8.000000000000000000e+01 1.000000000000000000e+00 4.627434515726844277e-01 3.456177611381929804e-01 2.359067444728075724e-01 7.476212088726111316e-02 8.449429943411070898e-01 8.449429943564992218e-01
5.399999999999999245e-02 1.000000000000000000e+00 5.000000000000000000e+00 1.000000000000000000e+01 2.000000000000000000e+01 4.000000000000000000e+01 8.000000000000000000e+01 1.000000000000000000e+00 5.000000000000000000e+00 1.000000000000000000e+01 2.000000000000000000e+01 4.000000000000000000e+01 8.000000000000000000e+01 1.000000000000000000e+00 4.633771246180416470e-01 3.476203072621895651e-01 2.379366243232086120e-01 7.531615234521515934e-02 8.449429943325204029e-01 8.449429943560118339e-01
5.599999999999999423e-02 1.000000000000000000e+00 5.000000000000000000e+00 1.000000000000000000e+01 2.000000000000000000e+01 4.000000000000000000e+01 8.000000000000000000e+01 1.000000000000000000e+00 5.000000000000000000e+00 1.000000000000000000e+01 2.000000000000000000e+01 4.000000000000000000e+01 8.000000000000000000e+01 1.000000000000000000e+00 4.639852467471133335e-01 3.495532404717121566e-01 2.399021918882247029e-01 6.678477536209661558e-01 8.449429943537717369e-01 8.449429943559504386e-01
5.799999999999999600e-02 1.000000000000000000e+00 5.000000000000000000e+00 1.000000000000000000e+01 2.000000000000000000e+01 4.000000000000000000e+01 8.000000000000000000e+01 1.000000000000000000e+00 5.000000000000000000e+00 1.000000000000000000e+01 2.000000000000000000e+01 4.000000000000000000e+01 8.000000000000000000e+01 1.000000000000000000e+00 4.645685037569990405e-01 3.514175029390765870e-01 2.418037521921420352e-01 6.525418901566965024e-01 8.449429943532619225e-01 8.449429943556570066e-01
5.999999999999999778e-02 1.000000000000000000e+00 5.000000000000000000e+00 1.000000000000000000e+01 2.000000000000000000e+01 4.000000000000000000e+01 8.000000000000000000e+01 1.000000000000000000e+00 5.000000000000000000e+00 1.000000000000000000e+01 2.000000000000000000e+01 4.000000000000000000e+01 8.000000000000000000e+01 1.000000000000000000e+00 4.651275919261485536e-01 3.532141472168029428e-01 2.436417573184726793e-01 6.413946950977702510e-01 8.449429943527447806e-01 8.449429943553614653e-01
6.199999999999999956e-02 1.000000000000000000e+00 5.000000000000000000e+00 1.000000000000000000e+01 2.000000000000000000e+01 4.000000000000000000e+01 8.000000000000000000e+01 1.000000000000000000e+00 5.000000000000000000e+00 1.000000000000000000e+01 2.000000000000000000e+01 4.000000000000000000e+01 8.000000000000000000e+01 1.000000000000000000e+00 4.656632151895802596e-01 3.549443262975402469e-01 2.454167967773470127e-01 6.297520195333176085e-01 8.449429943520367914e-01 8.449429943550648137e-01
6.400000000000000133e-02 1.000000000000000000e+00 5.000000000000000000e+00 1.000000000000000000e+01 2.000000000000000000e+01 4.000000000000000000e+01 8.000000000000000000e+01 1.000000000000000000e+00 5.000000000000000000e+00 1.000000000000000000e+01 2.000000000000000000e+01 4.000000000000000000e+01 8.000000000000000000e+01 1.000000000000000000e+00 4.661760824516399393e-01 3.566092836611037820e-01 2.471295875409806053e-01 6.166385968927725614e-01 8.449429943513327990e-01 8.449429943545689881e-01
6.600000000000000311e-02 1.000000000000000000e+00 5.000000000000000000e+00 1.000000000000000000e+01 2.000000000000000000e+01 4.000000000000000000e+01 8.000000000000000000e+01 1.000000000000000000e+00 5.000000000000000000e+00 1.000000000000000000e+01 2.000000000000000000e+01 4.000000000000000000e+01 8.000000000000000000e+01 1.000000000000000000e+00 4.666669050470428348e-01 3.582103433969327511e-01 2.487809638646454602e-01 6.016830935146738613e-01 8.449429943506340246e-01 8.449429943540714971e-01
6.800000000000000488e-02 1.000000000000000000e+00 5.000000000000000000e+00 1.000000000000000000e+01 2.000000000000000000e+01 4.000000000000000000e+01 8.000000000000000000e+01 1.000000000000000000e+00 5.000000000000000000e+00 1.000000000000000000e+01 2.000000000000000000e+01 4.000000000000000000e+01 8.000000000000000000e+01 1.000000000000000000e+00 4.671363943584238565e-01 3.597489004823372083e-01 2.503718670038879712e-01 5.843186681724334974e-01 8.449429943499403572e-01 8.449429943535762266e-01
7.000000000000000666e-02 1.000000000000000000e+00 5.000000000000000000e+00 1.000000000000000000e+01 2.000000000000000000e+01 4.000000000000000000e+01 8.000000000000000000e+01 1.000000000000000000e+00 5.000000000000000000e+00 1.000000000000000000e+01 2.000000000000000000e+01 4.000000000000000000e+01 8.000000000000000000e+01 1.000000000000000000e+00 4.675852595962575742e-01 3.612264112884018274e-01 2.519033349308040237e-01 5.637016132323486861e-01 8.449429943490404105e-01 8.449429943538644405e-01
7.200000000000000844e-02 1.000000000000000000e+00 5.000000000000000000e+00 1.000000000000000000e+01 2.000000000000000000e+01 4.000000000000000000e+01 8.000000000000000000e+01 1.000000000000000000e+00 5.000000000000000000e+00 1.000000000000000000e+01 2.000000000000000000e+01 4.000000000000000000e+01 8.000000000000000000e+01 1.000000000000000000e+00 4.680142057447794768e-01 3.626443843766626873e-01 2.533764921433605544e-01 5.384757086211757748e-01 8.449429943467274828e-01 8.449429943534715326e-01
7.400000000000001021e-02 1.000000000000000000e+00 5.000000000000000000e+00 1.000000000000000000e+01 2.000000000000000000e+01 4.000000000000000000e+01 8.000000000000000000e+01 1.000000000000000000e+00 5.000000000000000000e+00 1.000000000000000000e+01 2.000000000000000000e+01 4.000000000000000000e+01 8.000000000000000000e+01 1.000000000000000000e+00 4.684239316755105520e-01 3.640043716407627139e-01 2.547925396522928154e-01 5.063596343976638492e-01 8.449429943432288370e-01 8.449429943529626064e-01
7.599999999999998423e-02 1.000000000000000000e+00 5.000000000000000000e+00 1.000000000000000000e+01 2.000000000000000000e+01 4.000000000000000000e+01 8.000000000000000000e+01 1.000000000000000000e+00 5.000000000000000000e+00 1.000000000000000000e+01 2.000000000000000000e+01 4.000000000000000000e+01 8.000000000000000000e+01 1.000000000000000000e+00 4.688151284281358300e-01 3.653079598385075011e-01 2.561527452202461141e-01 4.631443001611519339e-01 8.449429943383622854e-01 8.449429943524563447e-01
7.799999999999998601e-02 1.000000000000000000e+00 5.000000000000000000e+00 1.000000000000000000e+01 2.000000000000000000e+01 4.000000000000000000e+01 8.000000000000000000e+01 1.000000000000000000e+00 5.000000000000000000e+00 1.000000000000000000e+01 2.000000000000000000e+01 4.000000000000000000e+01 8.000000000000000000e+01 1.000000000000000000e+00 4.691884776568399085e-01 3.665567625511602090e-01 2.574584339178467851e-01 4.000584428954468419e-01 8.449429943313091496e-01 8.449429943519513042e-01
7.999999999999998779e-02 1.000000000000000000e+00 5.000000000000000000e+00 1.000000000000000000e+01 2.000000000000000000e+01 4.000000000000000000e+01 8.000000000000000000e+01 1.000000000000000000e+00 5.000000000000000000e+00 1.000000000000000000e+01 2.000000000000000000e+01 4.000000000000000000e+01 8.000000000000000000e+01 1.000000000000000000e+00 4.695446502387667920e-01 3.677524125985913162e-01 2.587109790514230956e-01 2.957699619188818296e-01 8.449429943186854697e-01 8.449429943514490393e-01
8.199999999999998956e-02 1.000000000000000000e+00 5.000000000000000000e+00 1.000000000000000000e+01 2.000000000000000000e+01 4.000000000000000000e+01 8.000000000000000000e+01 1.000000000000000000e+00 5.000000000000000000e+00 1.000000000000000000e+01 2.000000000000000000e+01 4.000000000000000000e+01 8.000000000000000000e+01 1.000000000000000000e+00 4.698843050400224874e-01 3.688965549311662429e-01 2.599117935074394259e-01 1.668914921129382167e-01 8.449429943492288153e-01 8.449429943517984265e-01
8.399999999999999134e-02 1.000000000000000000e+00 5.000000000000000000e+00 1.000000000000000000e+01 2.000000000000000000e+01 4.000000000000000000e+01 8.000000000000000000e+01 1.000000000000000000e+00 5.000000000000000000e+00 1.000000000000000000e+01 2.000000000000000000e+01 4.000000000000000000e+01 8.000000000000000000e+01 1.000000000000000000e+00 4.702080878336111214e-01 3.699908400120707763e-01 2.610007235255206171e-01 1.215630450039274363e-01 8.449429943484856320e-01 8.449429943512815067e-01
8.599999999999999312e-02 1.000000000000000000e+00 5.000000000000000000e+00 1.000000000000000000e+01 2.000000000000000000e+01 4.000000000000000000e+01 8.000000000000000000e+01 1.000000000000000000e+00 5.000000000000000000e+00 1.000000000000000000e+01 2.000000000000000000e+01 4.000000000000000000e+01 8.000000000000000000e+01 1.000000000000000000e+00 4.705166303628356417e-01 3.710369176971695104e-01 2.585613864265672301e-01 1.013470878118458846e-01 8.449429943477473337e-01 8.449429943507658081e-01
8.799999999999999489e-02 1.000000000000000000e+00 5.000000000000000000e+00 1.000000000000000000e+01 2.000000000000000000e+01 4.000000000000000000e+01 8.000000000000000000e+01 1.000000000000000000e+00 5.000000000000000000e+00 1.000000000000000000e+01 2.000000000000000000e+01 4.000000000000000000e+01 8.000000000000000000e+01 1.000000000000000000e+00 4.708105495430283671e-01 3.720364316135977290e-01 2.529756834169804014e-01 9.046337015661261305e-02 8.449429943470140314e-01 8.449429943502522189e-01
8.999999999999999667e-02 1.000000000000000000e+00 5.000000000000000000e+00 1.000000000000000000e+01 2.000000000000000000e+01 4.000000000000000000e+01 8.000000000000000000e+01 1.000000000000000000e+00 5.000000000000000000e+00 1.000000000000000000e+01 2.000000000000000000e+01 4.000000000000000000e+01 8.000000000000000000e+01 1.000000000000000000e+00 4.710904467939603379e-01 3.729910140329893431e-01 2.544948336121428678e-01 8.402517337229076233e-02 8.449429943462136716e-01 8.449429943497408502e-01
9.199999999999999845e-02 1.000000000000000000e+00 5.000000000000000000e+00 1.000000000000000000e+01 2.000000000000000000e+01 4.000000000000000000e+01 8.000000000000000000e+01 1.000000000000000000e+00 5.000000000000000000e+00 1.000000000000000000e+01 2.000000000000000000e+01 4.000000000000000000e+01 8.000000000000000000e+01 1.000000000000000000e+00 4.713569074949406912e-01 3.739022812306987409e-01 2.559085165734496514e-01 8.004575403410596479e-02 8.449429943452995140e-01 8.449429943492311468e-01
9.400000000000000022e-02 1.000000000000000000e+00 5.000000000000000000e+00 1.000000000000000000e+01 2.000000000000000000e+01 4.000000000000000000e+01 8.000000000000000000e+01 1.000000000000000000e+00 5.000000000000000000e+00 1.000000000000000000e+01 2.000000000000000000e+01 4.000000000000000000e+01 8.000000000000000000e+01 1.000000000000000000e+00 4.716105005543755890e-01 3.747718293184140737e-01 2.573990940900421909e-01 7.757325341259012352e-02 8.449429943439353830e-01 8.449429943495270212e-01
9.600000000000000200e-02 1.000000000000000000e+00 5.000000000000000000e+00 1.000000000000000000e+01 2.000000000000000000e+01 4.000000000000000000e+01 8.000000000000000000e+01 1.000000000000000000e+00 5.000000000000000000e+00 1.000000000000000000e+01 2.000000000000000000e+01 4.000000000000000000e+01 8.000000000000000000e+01 1.000000000000000000e+00 4.718517780854860622e-01 3.756012305342888991e-01 2.588390851420521721e-01 7.608935613048495306e-02 8.449429943415021071e-01 8.449429943490032180e-01
9.800000000000000377e-02 1.000000000000000000e+00 5.000000000000000000e+00 1.000000000000000000e+01 2.000000000000000000e+01 4.000000000000000000e+01 8.000000000000000000e+01 1.000000000000000000e+00 5.000000000000000000e+00 1.000000000000000000e+01 2.000000000000000000e+01 4.000000000000000000e+01 8.000000000000000000e+01 1.000000000000000000e+00 4.720812751798694196e-01 3.763920299720302509e-01 2.602297405289394905e-01 7.529676939885730780e-02 8.449429943382018582e-01 8.449429943485101679e-01
1.000000000000000056e-01 1.000000000000000000e+00 5.000000000000000000e+00 1.000000000000000000e+01 2.000000000000000000e+01 4.000000000000000000e+01 8.000000000000000000e+01 1.000000000000000000e+00 5.000000000000000000e+00 1.000000000000000000e+01 2.000000000000000000e+01 4.000000000000000000e+01 8.000000000000000000e+01 1.000000000000000000e+00 4.722995097707040624e-01 3.771457427282686736e-01 2.615723471980872517e-01 7.500202157067888120e-02 8.449429943337151139e-01 8.449429943480044614e-01
