-1.000000000000000056e-01 1.000000000000000000e+00 2.000000000000000000e+00 5.000000000000000000e+00 1.000000000000000000e+01 2.000000000000000000e+01 4.000000000000000000e+01 1.000000000000000000e+00 2.000000000000000000e+00 5.000000000000000000e+00 1.000000000000000000e+01 2.000000000000000000e+01 4.000000000000000000e+01 1.000000000000000000e+00 4.294067593752325940e-01 3.630150469361165255e-01 1.110993512519490578e-01 2.905034774583141466e-02 7.670825649753617581e-01 7.670825649753616471e-01
-9.800000000000000377e-02 1.000000000000000000e+00 2.000000000000000000e+00 5.000000000000000000e+00 1.000000000000000000e+01 2.000000000000000000e+01 4.000000000000000000e+01 1.000000000000000000e+00 2.000000000000000000e+00 5.000000000000000000e+00 1.000000000000000000e+01 2.000000000000000000e+01 4.000000000000000000e+01 1.000000000000000000e+00 4.294069716646606860e-01 3.631138094123050331e-01 1.119031445815422549e-01 3.107178185962302525e-02 7.670825649753617581e-01 7.670825649753617581e-01
-9.600000000000000200e-02 1.000000000000000000e+00 2.000000000000000000e+00 5.000000000000000000e+00 1.000000000000000000e+01 2.000000000000000000e+01 4.000000000000000000e+01 1.000000000000000000e+00 2.000000000000000000e+00 5.000000000000000000e+00 1.000000000000000000e+01 2.000000000000000000e+01 4.000000000000000000e+01 1.000000000000000000e+00 4.294071790683750556e-01 3.632103694413805206e-01 1.127013782201645303e-01 3.042935109782477637e-02 7.670825649753618691e-01 7.670825649753617581e-01
-9.400000000000000022e-02 1.000000000000000000e+00 2.000000000000000000e+00 5.000000000000000000e+00 1.000000000000000000e+01 2.000000000000000000e+01 4.000000000000000000e+01 1.000000000000000000e+00 2.000000000000000000e+00 5.000000000000000000e+00 1.000000000000000000e+01 2.000000000000000000e+01 4.000000000000000000e+01 1.000000000000000000e+00 4.294073816988107084e-01 3.633047745806790574e-01 1.134939113914601450e-01 5.503511568844113855e-01 7.670825649753619802e-01 7.670825649753617581e-01
-9.199999999999999845e-02 1.000000000000000000e+00 2.000000000000000000e+00 5.000000000000000000e+00 1.000000000000000000e+01 2.000000000000000000e+01 4.000000000000000000e+01 1.000000000000000000e+00 2.000000000000000000e+00 5.000000000000000000e+00 1.000000000000000000e+01 2.000000000000000000e+01 4.000000000000000000e+01 1.000000000000000000e+00 4.294075796658121669e-01 3.633970714302000027e-01 1.142806077511091534e-01 5.436899087033176814e-01 7.670825649753619802e-01 7.670825649753617581e-01
-9.000000000000001055e-02 1.000000000000000000e+00 2.000000000000000000e+00 5.000000000000000000e+00 1.000000000000000000e+01 2.000000000000000000e+01 4.000000000000000000e+01 1.000000000000000000e+00 2.000000000000000000e+00 5.000000000000000000e+00 1.000000000000000000e+01 2.000000000000000000e+01 4.000000000000000000e+01 1.000000000000000000e+00 4.294077730767011380e-01 3.634873056487387677e-01 1.150613354674106248e-01 5.370791848437739269e-01 7.670825649753619802e-01 7.670825649753616471e-01
-8.800000000000000877e-02 1.000000000000000000e+00 2.000000000000000000e+00 5.000000000000000000e+00 1.000000000000000000e+01 2.000000000000000000e+01 4.000000000000000000e+01 1.000000000000000000e+00 2.000000000000000000e+00 5.000000000000000000e+00 1.000000000000000000e+01 2.000000000000000000e+01 4.000000000000000000e+01 1.000000000000000000e+00 4.294079620363250860e-01 3.635755219699044472e-01 1.158359672943082702e-01 5.301976505458604327e-01 7.670825649753619802e-01 7.670825649753615361e-01
-8.600000000000000699e-02 1.000000000000000000e+00 2.000000000000000000e+00 5.000000000000000000e+00 1.000000000000000000e+01 2.000000000000000000e+01 4.000000000000000000e+01 1.000000000000000000e+00 2.000000000000000000e+00 5.000000000000000000e+00 1.000000000000000000e+01 2.000000000000000000e+01 4.000000000000000000e+01 1.000000000000000000e+00 4.294081466471228459e-01 3.636617642180012266e-01 1.166043806368276675e-01 5.230295532684764437e-01 7.670825649753619802e-01 7.670825649753614250e-01
-8.400000000000000522e-02 1.000000000000000000e+00 2.000000000000000000e+00 5.000000000000000000e+00 1.000000000000000000e+01 2.000000000000000000e+01 4.000000000000000000e+01 1.000000000000000000e+00 2.000000000000000000e+00 5.000000000000000000e+00 1.000000000000000000e+01 2.000000000000000000e+01 4.000000000000000000e+01 1.000000000000000000e+00 4.294083270091735294e-01 3.637460753237736211e-01 1.173664576089089862e-01 5.155574653958391318e-01 7.670825649753619802e-01 7.670825649753613140e-01
-8.200000000000000344e-02 1.000000000000000000e+00 2.000000000000000000e+00 5.000000000000000000e+00 1.000000000000000000e+01 2.000000000000000000e+01 4.000000000000000000e+01 1.000000000000000000e+00 2.000000000000000000e+00 5.000000000000000000e+00 1.000000000000000000e+01 2.000000000000000000e+01 4.000000000000000000e+01 1.000000000000000000e+00 4.294085032202538676e-01 3.638284973399998901e-01 1.181220850836293829e-01 5.077620516183155575e-01 7.670825649753619802e-01 7.670825649753612030e-01
-8.000000000000000167e-02 1.000000000000000000e+00 2.000000000000000000e+00 5.000000000000000000e+00 1.000000000000000000e+01 2.000000000000000000e+01 4.000000000000000000e+01 1.000000000000000000e+00 2.000000000000000000e+00 5.000000000000000000e+00 1.000000000000000000e+01 2.000000000000000000e+01 4.000000000000000000e+01 1.000000000000000000e+00 4.294086753758927788e-01 3.639090714569462315e-01 1.188711547358501097e-01 5.021732001187330097e-01 7.670825649753619802e-01 7.670825649753614250e-01
-7.800000000000001377e-02 1.000000000000000000e+00 2.000000000000000000e+00 5.000000000000000000e+00 1.000000000000000000e+01 2.000000000000000000e+01 4.000000000000000000e+01 1.000000000000000000e+00 2.000000000000000000e+00 5.000000000000000000e+00 1.000000000000000000e+01 2.000000000000000000e+01 4.000000000000000000e+01 1.000000000000000000e+00 4.294088435694189965e-01 3.639878380176526651e-01 1.196135630773232789e-01 4.975585616593815041e-01 7.670825649753619802e-01 7.670825649753615361e-01
-7.600000000000001199e-02 1.000000000000000000e+00 2.000000000000000000e+00 5.000000000000000000e+00 1.000000000000000000e+01 2.000000000000000000e+01 4.000000000000000000e+01 1.000000000000000000e+00 2.000000000000000000e+00 5.000000000000000000e+00 1.000000000000000000e+01 2.000000000000000000e+01 4.000000000000000000e+01 1.000000000000000000e+00 4.294090078920137499e-01 3.640648365330685365e-01 1.203492114843295047e-01 4.927583472381409369e-01 7.670825649753619802e-01 7.670825649753616471e-01
-7.400000000000001021e-02 1.000000000000000000e+00 2.000000000000000000e+00 5.000000000000000000e+00 1.000000000000000000e+01 2.000000000000000000e+01 4.000000000000000000e+01 1.000000000000000000e+00 2.000000000000000000e+00 5.000000000000000000e+00 1.000000000000000000e+01 2.000000000000000000e+01 4.000000000000000000e+01 1.000000000000000000e+00 4.294091684327607239e-01 3.641401056970217653e-01 1.210780062179251104e-01 4.877597618921767353e-01 7.670825649753618691e-01 7.670825649753616471e-01
-7.200000000000000844e-02 1.000000000000000000e+00 2.000000000000000000e+00 5.000000000000000000e+00 1.000000000000000000e+01 2.000000000000000000e+01 4.000000000000000000e+01 1.000000000000000000e+00 2.000000000000000000e+00 5.000000000000000000e+00 1.000000000000000000e+01 2.000000000000000000e+01 4.000000000000000000e+01 1.000000000000000000e+00 4.294093252786934656e-01 3.642136834010160640e-01 1.217998584369021919e-01 4.825485372637141612e-01 7.670825649753618691e-01 7.670825649753617581e-01
-7.000000000000000666e-02 1.000000000000000000e+00 2.000000000000000000e+00 5.000000000000000000e+00 1.000000000000000000e+01 2.000000000000000000e+01 4.000000000000000000e+01 1.000000000000000000e+00 2.000000000000000000e+00 5.000000000000000000e+00 1.000000000000000000e+01 2.000000000000000000e+01 4.000000000000000000e+01 1.000000000000000000e+00 4.294094785148421800e-01 3.642856067488667859e-01 1.225146842035796102e-01 4.771087765766333644e-01 7.670825649753617581e-01 7.670825649753617581e-01
-6.800000000000000488e-02 1.000000000000000000e+00 2.000000000000000000e+00 5.000000000000000000e+00 1.000000000000000000e+01 2.000000000000000000e+01 4.000000000000000000e+01 1.000000000000000000e+00 2.000000000000000000e+00 5.000000000000000000e+00 1.000000000000000000e+01 2.000000000000000000e+01 4.000000000000000000e+01 1.000000000000000000e+00 4.294096282242825247e-01 3.643559120711502564e-01 1.232224044825562664e-01 4.714226211306264402e-01 7.670825649753618691e-01 7.670825649753617581e-01
-6.600000000000000311e-02 1.000000000000000000e+00 2.000000000000000000e+00 5.000000000000000000e+00 1.000000000000000000e+01 2.000000000000000000e+01 4.000000000000000000e+01 1.000000000000000000e+00 2.000000000000000000e+00 5.000000000000000000e+00 1.000000000000000000e+01 2.000000000000000000e+01 4.000000000000000000e+01 1.000000000000000000e+00 4.294097744881756329e-01 3.644246349394881235e-01 1.239229451325900844e-01 4.654696039320575518e-01 7.670825649753618691e-01 7.670825649753616471e-01
-6.400000000000000133e-02 1.000000000000000000e+00 2.000000000000000000e+00 5.000000000000000000e+00 1.000000000000000000e+01 2.000000000000000000e+01 4.000000000000000000e+01 1.000000000000000000e+00 2.000000000000000000e+00 5.000000000000000000e+00 1.000000000000000000e+01 2.000000000000000000e+01 4.000000000000000000e+01 1.000000000000000000e+00 4.294099173858177965e-01 3.644918101806475796e-01 1.246162368917535374e-01 4.592265634269180330e-01 7.670825649753619802e-01 7.670825649753616471e-01
-6.200000000000000649e-02 1.000000000000000000e+00 2.000000000000000000e+00 5.000000000000000000e+00 1.000000000000000000e+01 2.000000000000000000e+01 4.000000000000000000e+01 1.000000000000000000e+00 2.000000000000000000e+00 5.000000000000000000e+00 1.000000000000000000e+01 2.000000000000000000e+01 4.000000000000000000e+01 1.000000000000000000e+00 4.294100569946778800e-01 3.645574718904588396e-01 1.253022153560530982e-01 4.526669900999941154e-01 7.670825649753619802e-01 7.670825649753615361e-01
-6.000000000000000472e-02 1.000000000000000000e+00 2.000000000000000000e+00 5.000000000000000000e+00 1.000000000000000000e+01 2.000000000000000000e+01 4.000000000000000000e+01 1.000000000000000000e+00 2.000000000000000000e+00 5.000000000000000000e+00 1.000000000000000000e+01 2.000000000000000000e+01 4.000000000000000000e+01 1.000000000000000000e+00 4.294101933904438395e-01 3.646216534475548721e-01 1.259808209517072342e-01 4.457604388315049015e-01 7.670825649753619802e-01 7.670825649753614250e-01
-5.800000000000000294e-02 1.000000000000000000e+00 2.000000000000000000e+00 5.000000000000000000e+00 1.000000000000000000e+01 2.000000000000000000e+01 4.000000000000000000e+01 1.000000000000000000e+00 2.000000000000000000e+00 5.000000000000000000e+00 1.000000000000000000e+01 2.000000000000000000e+01 4.000000000000000000e+01 1.000000000000000000e+00 4.294103266470612468e-01 3.646843875269225044e-01 1.266519989012812319e-01 4.384721802237909194e-01 7.670825649753618691e-01 7.670825649753612030e-01
-5.600000000000000810e-02 1.000000000000000000e+00 2.000000000000000000e+00 5.000000000000000000e+00 1.000000000000000000e+01 2.000000000000000000e+01 4.000000000000000000e+01 1.000000000000000000e+00 2.000000000000000000e+00 5.000000000000000000e+00 1.000000000000000000e+01 2.000000000000000000e+01 4.000000000000000000e+01 1.000000000000000000e+00 4.294104568367758668e-01 3.647457061132703959e-01 1.273156991838971797e-01 4.307607883495906398e-01 7.670825649753618691e-01 7.670825649753613140e-01
-5.400000000000000633e-02 1.000000000000000000e+00 2.000000000000000000e+00 5.000000000000000000e+00 1.000000000000000000e+01 2.000000000000000000e+01 4.000000000000000000e+01 1.000000000000000000e+00 2.000000000000000000e+00 5.000000000000000000e+00 1.000000000000000000e+01 2.000000000000000000e+01 4.000000000000000000e+01 1.000000000000000000e+00 4.294105840301672972e-01 3.648056405142119929e-01 1.279718764897457284e-01 4.225781125877081101e-01 7.670825649753618691e-01 7.670825649753614250e-01
-5.200000000000000455e-02 1.000000000000000000e+00 2.000000000000000000e+00 5.000000000000000000e+00 1.000000000000000000e+01 2.000000000000000000e+01 4.000000000000000000e+01 1.000000000000000000e+00 2.000000000000000000e+00 5.000000000000000000e+00 1.000000000000000000e+01 2.000000000000000000e+01 4.000000000000000000e+01 1.000000000000000000e+00 4.294107082961939881e-01 3.648642213732561923e-01 1.285783266591371266e-01 4.138687233705217183e-01 7.670825649753617581e-01 7.670825649753615361e-01
-5.000000000000000278e-02 1.000000000000000000e+00 2.000000000000000000e+00 5.000000000000000000e+00 1.000000000000000000e+01 2.000000000000000000e+01 4.000000000000000000e+01 1.000000000000000000e+00 2.000000000000000000e+00 5.000000000000000000e+00 1.000000000000000000e+01 2.000000000000000000e+01 4.000000000000000000e+01 1.000000000000000000e+00 4.294108297022257714e-01 3.649214786826170398e-01 1.291010929444471045e-01 4.045646217540280198e-01 7.670825649753617581e-01 7.670825649753616471e-01
-4.800000000000000100e-02 1.000000000000000000e+00 2.000000000000000000e+00 5.000000000000000000e+00 1.000000000000000000e+01 2.000000000000000000e+01 4.000000000000000000e+01 1.000000000000000000e+00 2.000000000000000000e+00 5.000000000000000000e+00 1.000000000000000000e+01 2.000000000000000000e+01 4.000000000000000000e+01 1.000000000000000000e+00 4.294109483140842731e-01 3.649774417958304706e-01 1.296134121883857626e-01 3.945850537667356384e-01 7.670825649753617581e-01 7.670825649753617581e-01
-4.600000000000000616e-02 1.000000000000000000e+00 2.000000000000000000e+00 5.000000000000000000e+00 1.000000000000000000e+01 2.000000000000000000e+01 4.000000000000000000e+01 1.000000000000000000e+00 2.000000000000000000e+00 5.000000000000000000e+00 1.000000000000000000e+01 2.000000000000000000e+01 4.000000000000000000e+01 1.000000000000000000e+00 4.294110641960748875e-01 3.650321394401886965e-01 1.300366314557879766e-01 3.838325739635145561e-01 7.670825649753618691e-01 7.670825649753617581e-01
-4.400000000000000439e-02 1.000000000000000000e+00 2.000000000000000000e+00 5.000000000000000000e+00 1.000000000000000000e+01 2.000000000000000000e+01 4.000000000000000000e+01 1.000000000000000000e+00 2.000000000000000000e+00 5.000000000000000000e+00 1.000000000000000000e+01 2.000000000000000000e+01 4.000000000000000000e+01 1.000000000000000000e+00 4.294111774110230262e-01 3.650855997289741972e-01 1.303972771888372018e-01 3.721883933585205528e-01 7.670825649753619802e-01 7.670825649753617581e-01
-4.200000000000000261e-02 1.000000000000000000e+00 2.000000000000000000e+00 5.000000000000000000e+00 1.000000000000000000e+01 2.000000000000000000e+01 4.000000000000000000e+01 1.000000000000000000e+00 2.000000000000000000e+00 5.000000000000000000e+00 1.000000000000000000e+01 2.000000000000000000e+01 4.000000000000000000e+01 1.000000000000000000e+00 4.294112880203083127e-01 3.651378501735217386e-01 1.306798513964002317e-01 3.595062809062104514e-01 7.670825649753619802e-01 7.670825649753617581e-01
-4.000000000000000777e-02 1.000000000000000000e+00 2.000000000000000000e+00 5.000000000000000000e+00 1.000000000000000000e+01 2.000000000000000000e+01 4.000000000000000000e+01 1.000000000000000000e+00 2.000000000000000000e+00 5.000000000000000000e+00 1.000000000000000000e+01 2.000000000000000000e+01 4.000000000000000000e+01 1.000000000000000000e+00 4.294113960838986110e-01 3.651889176950836036e-01 1.308194721521344361e-01 3.456042826621839592e-01 7.670825649753619802e-01 7.670825649753616471e-01
-3.800000000000000600e-02 1.000000000000000000e+00 2.000000000000000000e+00 5.000000000000000000e+00 1.000000000000000000e+01 2.000000000000000000e+01 4.000000000000000000e+01 1.000000000000000000e+00 2.000000000000000000e+00 5.000000000000000000e+00 1.000000000000000000e+01 2.000000000000000000e+01 4.000000000000000000e+01 1.000000000000000000e+00 4.294115016603816670e-01 3.652388286365080283e-01 1.306550244870063604e-01 3.302532922993915987e-01 7.670825649753619802e-01 7.670825649753615361e-01
-3.600000000000000422e-02 1.000000000000000000e+00 2.000000000000000000e+00 5.000000000000000000e+00 1.000000000000000000e+01 2.000000000000000000e+01 4.000000000000000000e+01 1.000000000000000000e+00 2.000000000000000000e+00 5.000000000000000000e+00 1.000000000000000000e+01 2.000000000000000000e+01 4.000000000000000000e+01 1.000000000000000000e+00 4.294116048069966940e-01 3.652876087737341182e-01 1.300101728419706670e-01 3.131609831294053792e-01 7.670825649753619802e-01 7.670825649753614250e-01
-3.400000000000000244e-02 1.000000000000000000e+00 2.000000000000000000e+00 5.000000000000000000e+00 1.000000000000000000e+01 2.000000000000000000e+01 4.000000000000000000e+01 1.000000000000000000e+00 2.000000000000000000e+00 5.000000000000000000e+00 1.000000000000000000e+01 2.000000000000000000e+01 4.000000000000000000e+01 1.000000000000000000e+00 4.293036619116773478e-01 3.652438315405731051e-01 1.287741903474706462e-01 2.939418994771639815e-01 7.670825649753619802e-01 7.670825649753613140e-01
-3.200000000000000067e-02 1.000000000000000000e+00 2.000000000000000000e+00 5.000000000000000000e+00 1.000000000000000000e+01 2.000000000000000000e+01 4.000000000000000000e+01 1.000000000000000000e+00 2.000000000000000000e+00 5.000000000000000000e+00 1.000000000000000000e+01 2.000000000000000000e+01 4.000000000000000000e+01 1.000000000000000000e+00 4.286084233408553601e-01 3.648305866882721737e-01 1.266653540988606774e-01 2.720606336668054959e-01 7.670825649753619802e-01 7.670825649753612030e-01
-2.999999999999999889e-02 1.000000000000000000e+00 2.000000000000000000e+00 5.000000000000000000e+00 1.000000000000000000e+01 2.000000000000000000e+01 4.000000000000000000e+01 1.000000000000000000e+00 2.000000000000000000e+00 5.000000000000000000e+00 1.000000000000000000e+01 2.000000000000000000e+01 4.000000000000000000e+01 1.000000000000000000e+00 4.254484337805177208e-01 3.642124873578374555e-01 1.237034122570993683e-01 2.468511952617907512e-01 7.670825649753619802e-01 7.670825649753614250e-01
-2.799999999999999711e-02 1.000000000000000000e+00 2.000000000000000000e+00 5.000000000000000000e+00 1.000000000000000000e+01 2.000000000000000000e+01 4.000000000000000000e+01 1.000000000000000000e+00 2.000000000000000000e+00 5.000000000000000000e+00 1.000000000000000000e+01 2.000000000000000000e+01 4.000000000000000000e+01 1.000000000000000000e+00 4.206857192466775253e-01 3.621450103765817552e-01 1.201540895860973568e-01 2.173656463798398775e-01 7.670825649753619802e-01 7.670825649753615361e-01
-2.600000000000000921e-02 1.000000000000000000e+00 2.000000000000000000e+00 5.000000000000000000e+00 1.000000000000000000e+01 2.000000000000000000e+01 4.000000000000000000e+01 1.000000000000000000e+00 2.000000000000000000e+00 5.000000000000000000e+00 1.000000000000000000e+01 2.000000000000000000e+01 4.000000000000000000e+01 1.000000000000000000e+00 4.159471885288001936e-01 3.566229028589538164e-01 1.167912998133512209e-01 1.824953132315584869e-01 7.670825649753619802e-01 7.670825649753616471e-01
-2.400000000000000744e-02 1.000000000000000000e+00 2.000000000000000000e+00 5.000000000000000000e+00 1.000000000000000000e+01 2.000000000000000000e+01 4.000000000000000000e+01 1.000000000000000000e+00 2.000000000000000000e+00 5.000000000000000000e+00 1.000000000000000000e+01 2.000000000000000000e+01 4.000000000000000000e+01 1.000000000000000000e+00 4.112336848751653173e-01 3.483451513979280434e-01 1.167024531294298811e-01 1.404488989736184246e-01 7.670825649753618691e-01 7.670825649753616471e-01
-2.200000000000000566e-02 1.000000000000000000e+00 2.000000000000000000e+00 5.000000000000000000e+00 1.000000000000000000e+01 2.000000000000000000e+01 4.000000000000000000e+01 1.000000000000000000e+00 2.000000000000000000e+00 5.000000000000000000e+00 1.000000000000000000e+01 2.000000000000000000e+01 4.000000000000000000e+01 1.000000000000000000e+00 4.065460227224166334e-01 3.400434520090462320e-01 1.174786117542693104e-01 9.624917570420313262e-02 7.670825649753618691e-01 7.670825649753617581e-01
-2.000000000000000389e-02 1.000000000000000000e+00 2.000000000000000000e+00 5.000000000000000000e+00 1.000000000000000000e+01 2.000000000000000000e+01 4.000000000000000000e+01 1.000000000000000000e+00 2.000000000000000000e+00 5.000000000000000000e+00 1.000000000000000000e+01 2.000000000000000000e+01 4.000000000000000000e+01 1.000000000000000000e+00 4.018849874698356972e-01 3.318799912172352706e-01 1.182482962016289940e-01 7.009401648173360644e-02 7.670825649753617581e-01 7.670825649753617581e-01
-1.800000000000000211e-02 1.000000000000000000e+00 2.000000000000000000e+00 5.000000000000000000e+00 1.000000000000000000e+01 2.000000000000000000e+01 4.000000000000000000e+01 1.000000000000000000e+00 2.000000000000000000e+00 5.000000000000000000e+00 1.000000000000000000e+01 2.000000000000000000e+01 4.000000000000000000e+01 1.000000000000000000e+00 3.972513353116948753e-01 3.238556008646613638e-01 1.190113929677295568e-01 5.404026686758591630e-02 7.670825649753618691e-01 7.670825649753617581e-01
-1.600000000000000033e-02 1.000000000000000000e+00 2.000000000000000000e+00 5.000000000000000000e+00 1.000000000000000000e+01 2.000000000000000000e+01 4.000000000000000000e+01 1.000000000000000000e+00 2.000000000000000000e+00 5.000000000000000000e+00 1.000000000000000000e+01 2.000000000000000000e+01 4.000000000000000000e+01 1.000000000000000000e+00 3.926457931260339262e-01 3.159709277092520030e-01 1.197677934909567032e-01 4.361955541714591933e-02 7.670825649753618691e-01 7.670825649753616471e-01
-1.399999999999999856e-02 1.000000000000000000e+00 2.000000000000000000e+00 5.000000000000000000e+00 1.000000000000000000e+01 2.000000000000000000e+01 4.000000000000000000e+01 1.000000000000000000e+00 2.000000000000000000e+00 5.000000000000000000e+00 1.000000000000000000e+01 2.000000000000000000e+01 4.000000000000000000e+01 1.000000000000000000e+00 3.881688174038718242e-01 3.106637959966225271e-01 1.205196568149039943e-01 3.656720215190293471e-02 7.670825649753619802e-01 7.670825649753616471e-01
-1.200000000000001066e-02 1.000000000000000000e+00 2.000000000000000000e+00 5.000000000000000000e+00 1.000000000000000000e+01 2.000000000000000000e+01 4.000000000000000000e+01 1.000000000000000000e+00 2.000000000000000000e+00 5.000000000000000000e+00 1.000000000000000000e+01 2.000000000000000000e+01 4.000000000000000000e+01 1.000000000000000000e+00 3.895380396132373524e-01 3.121406248512283432e-01 1.214055919485820534e-01 3.160768460764763060e-02 7.670825649753619802e-01 7.670825649753615361e-01
-1.000000000000000888e-02 1.000000000000000000e+00 2.000000000000000000e+00 5.000000000000000000e+00 1.000000000000000000e+01 2.000000000000000000e+01 4.000000000000000000e+01 1.000000000000000000e+00 2.000000000000000000e+00 5.000000000000000000e+00 1.000000000000000000e+01 2.000000000000000000e+01 4.000000000000000000e+01 1.000000000000000000e+00 3.908994240546988519e-01 3.136083948153421397e-01 1.222879754840647537e-01 2.803502821761586633e-02 7.670825649753619802e-01 7.670825649753614250e-01
-8.000000000000007105e-03 1.000000000000000000e+00 2.000000000000000000e+00 5.000000000000000000e+00 1.000000000000000000e+01 2.000000000000000000e+01 4.000000000000000000e+01 1.000000000000000000e+00 2.000000000000000000e+00 5.000000000000000000e+00 1.000000000000000000e+01 2.000000000000000000e+01 4.000000000000000000e+01 1.000000000000000000e+00 3.922530129235373697e-01 3.150670959398678694e-01 1.231667117521495491e-01 2.550301004355615478e-02 7.670825649753618691e-01 7.670825649753612030e-01
-6.000000000000005329e-03 1.000000000000000000e+00 2.000000000000000000e+00 5.000000000000000000e+00 1.000000000000000000e+01 2.000000000000000000e+01 4.000000000000000000e+01 1.000000000000000000e+00 2.000000000000000000e+00 5.000000000000000000e+00 1.000000000000000000e+01 2.000000000000000000e+01 4.000000000000000000e+01 1.000000000000000000e+00 3.935988508509925543e-01 3.165167226389232757e-01 1.240417083442255791e-01 2.418367190291126345e-02 7.670825649753618691e-01 7.670825649753613140e-01
-4.000000000000003553e-03 1.000000000000000000e+00 2.000000000000000000e+00 5.000000000000000000e+00 1.000000000000000000e+01 2.000000000000000000e+01 4.000000000000000000e+01 1.000000000000000000e+00 2.000000000000000000e+00 5.000000000000000000e+00 1.000000000000000000e+01 2.000000000000000000e+01 4.000000000000000000e+01 1.000000000000000000e+00 3.949369848197905597e-01 3.179572735976274322e-01 1.249128761375916663e-01 2.450696265531962514e-02 7.670825649753618691e-01 7.670825649753614250e-01
-2.000000000000001776e-03 1.000000000000000000e+00 2.000000000000000000e+00 5.000000000000000000e+00 1.000000000000000000e+01 2.000000000000000000e+01 4.000000000000000000e+01 1.000000000000000000e+00 2.000000000000000000e+00 5.000000000000000000e+00 1.000000000000000000e+01 2.000000000000000000e+01 4.000000000000000000e+01 1.000000000000000000e+00 3.962674640797604342e-01 3.193887516777383362e-01 1.257801293162614520e-01 2.629928368723567431e-02 7.670825649753617581e-01 7.670825649753615361e-01
0.000000000000000000e+00 1.000000000000000000e+00 2.000000000000000000e+00 5.000000000000000000e+00 1.000000000000000000e+01 2.000000000000000000e+01 4.000000000000000000e+01 1.000000000000000000e+00 2.000000000000000000e+00 5.000000000000000000e+00 1.000000000000000000e+01 2.000000000000000000e+01 4.000000000000000000e+01 1.000000000000000000e+00 3.975903400636137119e-01 3.208111638213543837e-01 1.266433853872991899e-01 2.905034774583103302e-02 7.670825649753617581e-01 7.670825649753616471e-01
2.000000000000001776e-03 1.000000000000000000e+00 2.000000000000000000e+00 5.000000000000000000e+00 1.000000000000000000e+01 2.000000000000000000e+01 4.000000000000000000e+01 1.000000000000000000e+00 2.000000000000000000e+00 5.000000000000000000e+00 1.000000000000000000e+01 2.000000000000000000e+01 4.000000000000000000e+01 1.000000000000000000e+00 3.989056663030341454e-01 3.222245209529070453e-01 1.275025651927698678e-01 3.107178185962159236e-02 7.670825649753617581e-01 7.670825649753617581e-01
4.000000000000003553e-03 1.000000000000000000e+00 2.000000000000000000e+00 5.000000000000000000e+00 1.000000000000000000e+01 2.000000000000000000e+01 4.000000000000000000e+01 1.000000000000000000e+00 2.000000000000000000e+00 5.000000000000000000e+00 1.000000000000000000e+01 2.000000000000000000e+01 4.000000000000000000e+01 1.000000000000000000e+00 4.002134983451429706e-01 3.236288378795989518e-01 1.283575929173703112e-01 3.042935109782511985e-02 7.670825649753618691e-01 7.670825649753617581e-01
5.999999999999991451e-03 1.000000000000000000e+00 2.000000000000000000e+00 5.000000000000000000e+00 1.000000000000000000e+01 2.000000000000000000e+01 4.000000000000000000e+01 1.000000000000000000e+00 2.000000000000000000e+00 5.000000000000000000e+00 1.000000000000000000e+01 2.000000000000000000e+01 4.000000000000000000e+01 1.000000000000000000e+00 5.242004169583575068e-01 4.726334080350236277e-01 2.026249905908420190e-01 5.503511568844127178e-01 7.670825649753619802e-01 7.670825649753617581e-01
7.999999999999993228e-03 1.000000000000000000e+00 2.000000000000000000e+00 5.000000000000000000e+00 1.000000000000000000e+01 2.000000000000000000e+01 4.000000000000000000e+01 1.000000000000000000e+00 2.000000000000000000e+00 5.000000000000000000e+00 1.000000000000000000e+01 2.000000000000000000e+01 4.000000000000000000e+01 1.000000000000000000e+00 5.185494219495700996e-01 4.602182022022797137e-01 1.668657331260220700e-01 5.436899087033221223e-01 7.670825649753619802e-01 7.670825649753617581e-01
9.999999999999995004e-03 1.000000000000000000e+00 2.000000000000000000e+00 5.000000000000000000e+00 1.000000000000000000e+01 2.000000000000000000e+01 4.000000000000000000e+01 1.000000000000000000e+00 2.000000000000000000e+00 5.000000000000000000e+00 1.000000000000000000e+01 2.000000000000000000e+01 4.000000000000000000e+01 1.000000000000000000e+00 5.127551383521746775e-01 4.468223132234834805e-01 1.455254019786614839e-01 5.370791848437708182e-01 7.670825649753619802e-01 7.670825649753616471e-01
1.199999999999999678e-02 1.000000000000000000e+00 2.000000000000000000e+00 5.000000000000000000e+00 1.000000000000000000e+01 2.000000000000000000e+01 4.000000000000000000e+01 1.000000000000000000e+00 2.000000000000000000e+00 5.000000000000000000e+00 1.000000000000000000e+01 2.000000000000000000e+01 4.000000000000000000e+01 1.000000000000000000e+00 5.068168910542866223e-01 4.323428078673635100e-01 1.315766301261134530e-01 5.301976505458635414e-01 7.670825649753619802e-01 7.670825649753615361e-01
1.399999999999999856e-02 1.000000000000000000e+00 2.000000000000000000e+00 5.000000000000000000e+00 1.000000000000000000e+01 2.000000000000000000e+01 4.000000000000000000e+01 1.000000000000000000e+00 2.000000000000000000e+00 5.000000000000000000e+00 1.000000000000000000e+01 2.000000000000000000e+01 4.000000000000000000e+01 1.000000000000000000e+00 5.007342447153810827e-01 4.166630439122090412e-01 1.218655326414790907e-01 5.230295532684789972e-01 7.670825649753619802e-01 7.670825649753614250e-01
1.600000000000000033e-02 1.000000000000000000e+00 2.000000000000000000e+00 5.000000000000000000e+00 1.000000000000000000e+01 2.000000000000000000e+01 4.000000000000000000e+01 1.000000000000000000e+00 2.000000000000000000e+00 5.000000000000000000e+00 1.000000000000000000e+01 2.000000000000000000e+01 4.000000000000000000e+01 1.000000000000000000e+00 4.945070178596697730e-01 3.996503053926616089e-01 1.147933927475777161e-01 5.155574653958411302e-01 7.670825649753619802e-01 7.670825649753613140e-01
1.800000000000000211e-02 1.000000000000000000e+00 2.000000000000000000e+00 5.000000000000000000e+00 1.000000000000000000e+01 2.000000000000000000e+01 4.000000000000000000e+01 1.000000000000000000e+00 2.000000000000000000e+00 5.000000000000000000e+00 1.000000000000000000e+01 2.000000000000000000e+01 4.000000000000000000e+01 1.000000000000000000e+00 4.881352965682098088e-01 3.811529077483815087e-01 1.095527111651130869e-01 5.077620516183162236e-01 7.670825649753619802e-01 7.670825649753612030e-01
1.999999999999999001e-02 1.000000000000000000e+00 2.000000000000000000e+00 5.000000000000000000e+00 1.000000000000000000e+01 2.000000000000000000e+01 4.000000000000000000e+01 1.000000000000000000e+00 2.000000000000000000e+00 5.000000000000000000e+00 1.000000000000000000e+01 2.000000000000000000e+01 4.000000000000000000e+01 1.000000000000000000e+00 4.816194476421279402e-01 3.609966222053088702e-01 1.055574356530600139e-01 5.021732001187333427e-01 7.670825649753619802e-01 7.670825649753614250e-01
2.199999999999999178e-02 1.000000000000000000e+00 2.000000000000000000e+00 5.000000000000000000e+00 1.000000000000000000e+01 2.000000000000000000e+01 4.000000000000000000e+01 1.000000000000000000e+00 2.000000000000000000e+00 5.000000000000000000e+00 1.000000000000000000e+01 2.000000000000000000e+01 4.000000000000000000e+01 1.000000000000000000e+00 4.749601311036653062e-01 3.389802159302970352e-01 1.025197237218476165e-01 4.975585616593826699e-01 7.670825649753619802e-01 7.670825649753615361e-01
2.399999999999999356e-02 1.000000000000000000e+00 2.000000000000000000e+00 5.000000000000000000e+00 1.000000000000000000e+01 2.000000000000000000e+01 4.000000000000000000e+01 1.000000000000000000e+00 2.000000000000000000e+00 5.000000000000000000e+00 1.000000000000000000e+01 2.000000000000000000e+01 4.000000000000000000e+01 1.000000000000000000e+00 4.681583118972069690e-01 3.148698293756167499e-01 1.001536122136627016e-01 4.927583472381403817e-01 7.670825649753619802e-01 7.670825649753616471e-01
2.599999999999999534e-02 1.000000000000000000e+00 2.000000000000000000e+00 5.000000000000000000e+00 1.000000000000000000e+01 2.000000000000000000e+01 4.000000000000000000e+01 1.000000000000000000e+00 2.000000000000000000e+00 5.000000000000000000e+00 1.000000000000000000e+01 2.000000000000000000e+01 4.000000000000000000e+01 1.000000000000000000e+00 4.612152706492987364e-01 2.943128815108774221e-01 9.831881122668911788e-02 4.877597618921709066e-01 7.670825649753618691e-01 7.670825649753616471e-01
2.799999999999999711e-02 1.000000000000000000e+00 2.000000000000000000e+00 5.000000000000000000e+00 1.000000000000000000e+01 2.000000000000000000e+01 4.000000000000000000e+01 1.000000000000000000e+00 2.000000000000000000e+00 5.000000000000000000e+00 1.000000000000000000e+01 2.000000000000000000e+01 4.000000000000000000e+01 1.000000000000000000e+00 4.541326133449010705e-01 2.795756442287044563e-01 9.687900484154203518e-02 4.825485372637112191e-01 7.670825649753618691e-01 7.670825649753617581e-01
2.999999999999999889e-02 1.000000000000000000e+00 2.000000000000000000e+00 5.000000000000000000e+00 1.000000000000000000e+01 2.000000000000000000e+01 4.000000000000000000e+01 1.000000000000000000e+00 2.000000000000000000e+00 5.000000000000000000e+00 1.000000000000000000e+01 2.000000000000000000e+01 4.000000000000000000e+01 1.000000000000000000e+00 4.469122797772170919e-01 2.685112399730361643e-01 9.582893560742197780e-02 4.771087765766311994e-01 7.670825649753617581e-01 7.670825649753617581e-01
3.200000000000000067e-02 1.000000000000000000e+00 2.000000000000000000e+00 5.000000000000000000e+00 1.000000000000000000e+01 2.000000000000000000e+01 4.000000000000000000e+01 1.000000000000000000e+00 2.000000000000000000e+00 5.000000000000000000e+00 1.000000000000000000e+01 2.000000000000000000e+01 4.000000000000000000e+01 1.000000000000000000e+00 4.395565506304494607e-01 2.604302955897561667e-01 9.505239552089440880e-02 4.714226211306272729e-01 7.670825649753618691e-01 7.670825649753617581e-01
3.400000000000000244e-02 1.000000000000000000e+00 2.000000000000000000e+00 5.000000000000000000e+00 1.000000000000000000e+01 2.000000000000000000e+01 4.000000000000000000e+01 1.000000000000000000e+00 2.000000000000000000e+00 5.000000000000000000e+00 1.000000000000000000e+01 2.000000000000000000e+01 4.000000000000000000e+01 1.000000000000000000e+00 4.320680530586164525e-01 2.541902431796528306e-01 9.450271174332035284e-02 4.654696039320616596e-01 7.670825649753618691e-01 7.670825649753616471e-01
3.600000000000000422e-02 1.000000000000000000e+00 2.000000000000000000e+00 5.000000000000000000e+00 1.000000000000000000e+01 2.000000000000000000e+01 4.000000000000000000e+01 1.000000000000000000e+00 2.000000000000000000e+00 5.000000000000000000e+00 1.000000000000000000e+01 2.000000000000000000e+01 4.000000000000000000e+01 1.000000000000000000e+00 4.244497646299535965e-01 2.494451864594961765e-01 9.414491184722216521e-02 4.592265634269155350e-01 7.670825649753619802e-01 7.670825649753616471e-01
3.800000000000000600e-02 1.000000000000000000e+00 2.000000000000000000e+00 5.000000000000000000e+00 1.000000000000000000e+01 2.000000000000000000e+01 4.000000000000000000e+01 1.000000000000000000e+00 2.000000000000000000e+00 5.000000000000000000e+00 1.000000000000000000e+01 2.000000000000000000e+01 4.000000000000000000e+01 1.000000000000000000e+00 4.167050155147273283e-01 2.459008116171758906e-01 9.394779213808047980e-02 4.526669900999937823e-01 7.670825649753619802e-01 7.670825649753615361e-01
4.000000000000000777e-02 1.000000000000000000e+00 2.000000000000000000e+00 5.000000000000000000e+00 1.000000000000000000e+01 2.000000000000000000e+01 4.000000000000000000e+01 1.000000000000000000e+00 2.000000000000000000e+00 5.000000000000000000e+00 1.000000000000000000e+01 2.000000000000000000e+01 4.000000000000000000e+01 1.000000000000000000e+00 4.088374888049968181e-01 2.433122455912224702e-01 9.392215882903935664e-02 4.457604388315064003e-01 7.670825649753619802e-01 7.670825649753614250e-01
4.200000000000000955e-02 1.000000000000000000e+00 2.000000000000000000e+00 5.000000000000000000e+00 1.000000000000000000e+01 2.000000000000000000e+01 4.000000000000000000e+01 1.000000000000000000e+00 2.000000000000000000e+00 5.000000000000000000e+00 1.000000000000000000e+01 2.000000000000000000e+01 4.000000000000000000e+01 1.000000000000000000e+00 4.008512188680798394e-01 2.414799455560826813e-01 9.401917594664782607e-02 4.384721802237831478e-01 7.670825649753618691e-01 7.670825649753612030e-01
4.400000000000001132e-02 1.000000000000000000e+00 2.000000000000000000e+00 5.000000000000000000e+00 1.000000000000000000e+01 2.000000000000000000e+01 4.000000000000000000e+01 1.000000000000000000e+00 2.000000000000000000e+00 5.000000000000000000e+00 1.000000000000000000e+01 2.000000000000000000e+01 4.000000000000000000e+01 1.000000000000000000e+00 3.927505876507915161e-01 2.402442470251376638e-01 9.420454905761639630e-02 4.307607883495956358e-01 7.670825649753618691e-01 7.670825649753613140e-01
4.599999999999998535e-02 1.000000000000000000e+00 2.000000000000000000e+00 5.000000000000000000e+00 1.000000000000000000e+01 2.000000000000000000e+01 4.000000000000000000e+01 1.000000000000000000e+00 2.000000000000000000e+00 5.000000000000000000e+00 1.000000000000000000e+01 2.000000000000000000e+01 4.000000000000000000e+01 1.000000000000000000e+00 3.845403188690786900e-01 2.394788143258373414e-01 9.446440568456848652e-02 4.225781125877114963e-01 7.670825649753618691e-01 7.670825649753614250e-01
4.799999999999998712e-02 1.000000000000000000e+00 2.000000000000000000e+00 5.000000000000000000e+00 1.000000000000000000e+01 2.000000000000000000e+01 4.000000000000000000e+01 1.000000000000000000e+00 2.000000000000000000e+00 5.000000000000000000e+00 1.000000000000000000e+01 2.000000000000000000e+01 4.000000000000000000e+01 1.000000000000000000e+00 3.762254700374596528e-01 2.391255061908289237e-01 9.484134480964644121e-02 4.138687233705218849e-01 7.670825649753617581e-01 7.670825649753615361e-01
4.999999999999998890e-02 1.000000000000000000e+00 2.000000000000000000e+00 5.000000000000000000e+00 1.000000000000000000e+01 2.000000000000000000e+01 4.000000000000000000e+01 1.000000000000000000e+00 2.000000000000000000e+00 5.000000000000000000e+00 1.000000000000000000e+01 2.000000000000000000e+01 4.000000000000000000e+01 1.000000000000000000e+00 3.678114223140336314e-01 2.392698446723797445e-01 9.522080497724923209e-02 4.045646217540282419e-01 7.670825649753617581e-01 7.670825649753616471e-01
5.199999999999999067e-02 1.000000000000000000e+00 2.000000000000000000e+00 5.000000000000000000e+00 1.000000000000000000e+01 2.000000000000000000e+01 4.000000000000000000e+01 1.000000000000000000e+00 2.000000000000000000e+00 5.000000000000000000e+00 1.000000000000000000e+01 2.000000000000000000e+01 4.000000000000000000e+01 1.000000000000000000e+00 3.599072016789660045e-01 2.396097042363357354e-01 9.570876861369777278e-02 3.945850537667291436e-01 7.670825649753617581e-01 7.670825649753617581e-01
5.399999999999999245e-02 1.000000000000000000e+00 2.000000000000000000e+00 5.000000000000000000e+00 1.000000000000000000e+01 2.000000000000000000e+01 4.000000000000000000e+01 1.000000000000000000e+00 2.000000000000000000e+00 5.000000000000000000e+00 1.000000000000000000e+01 2.000000000000000000e+01 4.000000000000000000e+01 1.000000000000000000e+00 3.537455887293166623e-01 2.402429853427280604e-01 9.620145142593174159e-02 3.838325739635118361e-01 7.670825649753618691e-01 7.670825649753617581e-01
5.599999999999999423e-02 1.000000000000000000e+00 2.000000000000000000e+00 5.000000000000000000e+00 1.000000000000000000e+01 2.000000000000000000e+01 4.000000000000000000e+01 1.000000000000000000e+00 2.000000000000000000e+00 5.000000000000000000e+00 1.000000000000000000e+01 2.000000000000000000e+01 4.000000000000000000e+01 1.000000000000000000e+00 3.489444019608728409e-01 2.410307637261923097e-01 9.668136968784643570e-02 3.721883933585210524e-01 7.670825649753619802e-01 7.670825649753617581e-01
5.799999999999999600e-02 1.000000000000000000e+00 2.000000000000000000e+00 5.000000000000000000e+00 1.000000000000000000e+01 2.000000000000000000e+01 4.000000000000000000e+01 1.000000000000000000e+00 2.000000000000000000e+00 5.000000000000000000e+00 1.000000000000000000e+01 2.000000000000000000e+01 4.000000000000000000e+01 1.000000000000000000e+00 3.454344403928016338e-01 2.420590168882258142e-01 9.726160857692611739e-02 3.595062809062090636e-01 7.670825649753618691e-01 7.670825649753617581e-01
5.999999999999999778e-02 1.000000000000000000e+00 2.000000000000000000e+00 5.000000000000000000e+00 1.000000000000000000e+01 2.000000000000000000e+01 4.000000000000000000e+01 1.000000000000000000e+00 2.000000000000000000e+00 5.000000000000000000e+00 1.000000000000000000e+01 2.000000000000000000e+01 4.000000000000000000e+01 1.000000000000000000e+00 3.428891774519403080e-01 2.430704711082341818e-01 9.785022216411226603e-02 3.456042826621869568e-01 7.670825649753618691e-01 7.670825649753616471e-01
6.199999999999999956e-02 1.000000000000000000e+00 2.000000000000000000e+00 5.000000000000000000e+00 1.000000000000000000e+01 2.000000000000000000e+01 4.000000000000000000e+01 1.000000000000000000e+00 2.000000000000000000e+00 5.000000000000000000e+00 1.000000000000000000e+01 2.000000000000000000e+01 4.000000000000000000e+01 1.000000000000000000e+00 3.410052328964554569e-01 2.440651008520423604e-01 9.842924205466337118e-02 3.302532922993923203e-01 7.670825649753618691e-01 7.670825649753615361e-01
6.400000000000000133e-02 1.000000000000000000e+00 2.000000000000000000e+00 5.000000000000000000e+00 1.000000000000000000e+01 2.000000000000000000e+01 4.000000000000000000e+01 1.000000000000000000e+00 2.000000000000000000e+00 5.000000000000000000e+00 1.000000000000000000e+01 2.000000000000000000e+01 4.000000000000000000e+01 1.000000000000000000e+00 3.396779119158468974e-01 2.453975868419098760e-01 9.899858728827400089e-02 3.131609831294078772e-01 7.670825649753618691e-01 7.670825649753614250e-01
6.600000000000000311e-02 1.000000000000000000e+00 2.000000000000000000e+00 5.000000000000000000e+00 1.000000000000000000e+01 2.000000000000000000e+01 4.000000000000000000e+01 1.000000000000000000e+00 2.000000000000000000e+00 5.000000000000000000e+00 1.000000000000000000e+01 2.000000000000000000e+01 4.000000000000000000e+01 1.000000000000000000e+00 3.391747842015473413e-01 2.467509281141578581e-01 9.955818780747419106e-02 2.939418994771660354e-01 7.670825649753618691e-01 7.670825649753613140e-01
6.800000000000000488e-02 1.000000000000000000e+00 2.000000000000000000e+00 5.000000000000000000e+00 1.000000000000000000e+01 2.000000000000000000e+01 4.000000000000000000e+01 1.000000000000000000e+00 2.000000000000000000e+00 5.000000000000000000e+00 1.000000000000000000e+01 2.000000000000000000e+01 4.000000000000000000e+01 1.000000000000000000e+00 3.389478021208472969e-01 2.480916350968702389e-01 1.001795660513143810e-01 2.720606336667887315e-01 7.670825649753618691e-01 7.670825649753612030e-01
7.000000000000000666e-02 1.000000000000000000e+00 2.000000000000000000e+00 5.000000000000000000e+00 1.000000000000000000e+01 2.000000000000000000e+01 4.000000000000000000e+01 1.000000000000000000e+00 2.000000000000000000e+00 5.000000000000000000e+00 1.000000000000000000e+01 2.000000000000000000e+01 4.000000000000000000e+01 1.000000000000000000e+00 3.392024101731474506e-01 2.494195409304116318e-01 1.008464000193266125e-01 2.468511952617885863e-01 7.670825649753619802e-01 7.670825649753614250e-01
7.200000000000000844e-02 1.000000000000000000e+00 2.000000000000000000e+00 5.000000000000000000e+00 1.000000000000000000e+01 2.000000000000000000e+01 4.000000000000000000e+01 1.000000000000000000e+00 2.000000000000000000e+00 5.000000000000000000e+00 1.000000000000000000e+01 2.000000000000000000e+01 4.000000000000000000e+01 1.000000000000000000e+00 3.396963221526973498e-01 2.507344875390026817e-01 1.015058890252425738e-01 2.173656463798327165e-01 7.670825649753619802e-01 7.670825649753615361e-01
7.400000000000001021e-02 1.000000000000000000e+00 2.000000000000000000e+00 5.000000000000000000e+00 1.000000000000000000e+01 2.000000000000000000e+01 4.000000000000000000e+01 1.000000000000000000e+00 2.000000000000000000e+00 5.000000000000000000e+00 1.000000000000000000e+01 2.000000000000000000e+01 4.000000000000000000e+01 1.000000000000000000e+00 3.405649814863904168e-01 2.520363256697967791e-01 1.021579322645035925e-01 1.824953132315584314e-01 7.670825649753619802e-01 7.670825649753616471e-01
7.599999999999998423e-02 1.000000000000000000e+00 2.000000000000000000e+00 5.000000000000000000e+00 1.000000000000000000e+01 2.000000000000000000e+01 4.000000000000000000e+01 1.000000000000000000e+00 2.000000000000000000e+00 5.000000000000000000e+00 1.000000000000000000e+01 2.000000000000000000e+01 4.000000000000000000e+01 1.000000000000000000e+00 3.414206348203353558e-01 2.533249149179627735e-01 1.028024360901966527e-01 1.404488989736383808e-01 7.670825649753618691e-01 7.670825649753616471e-01
7.799999999999998601e-02 1.000000000000000000e+00 2.000000000000000000e+00 5.000000000000000000e+00 1.000000000000000000e+01 2.000000000000000000e+01 4.000000000000000000e+01 1.000000000000000000e+00 2.000000000000000000e+00 5.000000000000000000e+00 1.000000000000000000e+01 2.000000000000000000e+01 4.000000000000000000e+01 1.000000000000000000e+00 3.422633312073471434e-01 2.546001237379572069e-01 1.034393140025001295e-01 9.624917570419884438e-02 7.670825649753618691e-01 7.670825649753617581e-01
7.999999999999998779e-02 1.000000000000000000e+00 2.000000000000000000e+00 5.000000000000000000e+00 1.000000000000000000e+01 2.000000000000000000e+01 4.000000000000000000e+01 1.000000000000000000e+00 2.000000000000000000e+00 5.000000000000000000e+00 1.000000000000000000e+01 2.000000000000000000e+01 4.000000000000000000e+01 1.000000000000000000e+00 3.430931250700221535e-01 2.558618294411930116e-01 1.040684866234323769e-01 7.009401648172999821e-02 7.670825649753617581e-01 7.670825649753617581e-01
8.199999999999998956e-02 1.000000000000000000e+00 2.000000000000000000e+00 5.000000000000000000e+00 1.000000000000000000e+01 2.000000000000000000e+01 4.000000000000000000e+01 1.000000000000000000e+00 2.000000000000000000e+00 5.000000000000000000e+00 1.000000000000000000e+01 2.000000000000000000e+01 4.000000000000000000e+01 1.000000000000000000e+00 3.442946465138901346e-01 2.572772089153597119e-01 1.046898816573375995e-01 5.404026686758615222e-02 7.670825649753618691e-01 7.670825649753617581e-01
8.399999999999999134e-02 1.000000000000000000e+00 2.000000000000000000e+00 5.000000000000000000e+00 1.000000000000000000e+01 2.000000000000000000e+01 4.000000000000000000e+01 1.000000000000000000e+00 2.000000000000000000e+00 5.000000000000000000e+00 1.000000000000000000e+01 2.000000000000000000e+01 4.000000000000000000e+01 1.000000000000000000e+00 3.456580875512425544e-01 2.588812603086290132e-01 1.053034338375967299e-01 4.361955541714618995e-02 7.670825649753618691e-01 7.670825649753616471e-01
8.599999999999999312e-02 1.000000000000000000e+00 2.000000000000000000e+00 5.000000000000000000e+00 1.000000000000000000e+01 2.000000000000000000e+01 4.000000000000000000e+01 1.000000000000000000e+00 2.000000000000000000e+00 5.000000000000000000e+00 1.000000000000000000e+01 2.000000000000000000e+01 4.000000000000000000e+01 1.000000000000000000e+00 3.470080578581871689e-01 2.604741777780838485e-01 1.060000291474040152e-01 3.656720215190156775e-02 7.670825649753619802e-01 7.670825649753616471e-01
8.799999999999999489e-02 1.000000000000000000e+00 2.000000000000000000e+00 5.000000000000000000e+00 1.000000000000000000e+01 2.000000000000000000e+01 4.000000000000000000e+01 1.000000000000000000e+00 2.000000000000000000e+00 5.000000000000000000e+00 1.000000000000000000e+01 2.000000000000000000e+01 4.000000000000000000e+01 1.000000000000000000e+00 3.483444522140662358e-01 2.620557118425130838e-01 1.067249632943467058e-01 3.160768460764595833e-02 7.670825649753619802e-01 7.670825649753615361e-01
8.999999999999999667e-02 1.000000000000000000e+00 2.000000000000000000e+00 5.000000000000000000e+00 1.000000000000000000e+01 2.000000000000000000e+01 4.000000000000000000e+01 1.000000000000000000e+00 2.000000000000000000e+00 5.000000000000000000e+00 1.000000000000000000e+01 2.000000000000000000e+01 4.000000000000000000e+01 1.000000000000000000e+00 3.496671722254113823e-01 2.636256203636503370e-01 1.074437218902672270e-01 2.803502821761674410e-02 7.670825649753618691e-01 7.670825649753614250e-01
9.199999999999999845e-02 1.000000000000000000e+00 2.000000000000000000e+00 5.000000000000000000e+00 1.000000000000000000e+01 2.000000000000000000e+01 4.000000000000000000e+01 1.000000000000000000e+00 2.000000000000000000e+00 5.000000000000000000e+00 1.000000000000000000e+01 2.000000000000000000e+01 4.000000000000000000e+01 1.000000000000000000e+00 3.509761263325756886e-01 2.651836686998295112e-01 1.081561932537268567e-01 2.550301004355510354e-02 7.670825649753617581e-01 7.670825649753612030e-01
9.400000000000000022e-02 1.000000000000000000e+00 2.000000000000000000e+00 5.000000000000000000e+00 1.000000000000000000e+01 2.000000000000000000e+01 4.000000000000000000e+01 1.000000000000000000e+00 2.000000000000000000e+00 5.000000000000000000e+00 1.000000000000000000e+01 2.000000000000000000e+01 4.000000000000000000e+01 1.000000000000000000e+00 3.522712298080117321e-01 2.667296298484602146e-01 1.088622708061401656e-01 2.418367190291090263e-02 7.670825649753617581e-01 7.670825649753613140e-01
9.600000000000000200e-02 1.000000000000000000e+00 2.000000000000000000e+00 5.000000000000000000e+00 1.000000000000000000e+01 2.000000000000000000e+01 4.000000000000000000e+01 1.000000000000000000e+00 2.000000000000000000e+00 5.000000000000000000e+00 1.000000000000000000e+01 2.000000000000000000e+01 4.000000000000000000e+01 1.000000000000000000e+00 3.535524047462800801e-01 2.682632845771497077e-01 1.095618531001260193e-01 2.450696265531926085e-02 7.670825649753617581e-01 7.670825649753614250e-01
9.800000000000000377e-02 1.000000000000000000e+00 2.000000000000000000e+00 5.000000000000000000e+00 1.000000000000000000e+01 2.000000000000000000e+01 4.000000000000000000e+01 1.000000000000000000e+00 2.000000000000000000e+00 5.000000000000000000e+00 1.000000000000000000e+01 2.000000000000000000e+01 4.000000000000000000e+01 1.000000000000000000e+00 3.548195800459119642e-01 2.697844215433306547e-01 1.102901433517149143e-01 2.629928368723699270e-02 7.670825649753617581e-01 7.670825649753615361e-01
1.000000000000000056e-01 1.000000000000000000e+00 2.000000000000000000e+00 5.000000000000000000e+00 1.000000000000000000e+01 2.000000000000000000e+01 4.000000000000000000e+01 1.000000000000000000e+00 2.000000000000000000e+00 5.000000000000000000e+00 1.000000000000000000e+01 2.000000000000000000e+01 4.000000000000000000e+01 1.000000000000000000e+00 3.560726913832761298e-01 2.712928374022675615e-01 1.110993512519489745e-01 2.905034774583208079e-02 7.670825649753617581e-01 7.670825649753616471e-01
