-1.000000000000000056e-01 1.000000000000000000e+00 5.000000000000000000e+00 1.000000000000000000e+01 2.000000000000000000e+01 4.000000000000000000e+01 8.000000000000000000e+01 1.000000000000000000e+00 5.000000000000000000e+00 1.000000000000000000e+01 2.000000000000000000e+01 4.000000000000000000e+01 8.000000000000000000e+01 1.000000000000000000e+00 4.914124414082670089e-01 4.406745100306365126e-01 2.350995178357719595e-01 2.014236203188884966e-01 8.228869997756447230e-01 8.220672804176858417e-01
-9.800000000000000377e-02 1.000000000000000000e+00 5.000000000000000000e+00 1.000000000000000000e+01 2.000000000000000000e+01 4.000000000000000000e+01 8.000000000000000000e+01 1.000000000000000000e+00 5.000000000000000000e+00 1.000000000000000000e+01 2.000000000000000000e+01 4.000000000000000000e+01 8.000000000000000000e+01 1.000000000000000000e+00 4.914124414084432013e-01 4.414466540819573237e-01 2.362103432633017031e-01 5.640606151058706885e-01 8.229249657494331904e-01 8.223446566426296789e-01
-9.600000000000000200e-02 1.000000000000000000e+00 5.000000000000000000e+00 1.000000000000000000e+01 2.000000000000000000e+01 4.000000000000000000e+01 8.000000000000000000e+01 1.000000000000000000e+00 5.000000000000000000e+00 1.000000000000000000e+01 2.000000000000000000e+01 4.000000000000000000e+01 8.000000000000000000e+01 1.000000000000000000e+00 4.914124414086096793e-01 4.421838248787903769e-01 2.415703649854578916e-01 6.375778202990913801e-01 8.230392796303444003e-01 8.226222661585093077e-01
-9.400000000000000022e-02 1.000000000000000000e+00 5.000000000000000000e+00 1.000000000000000000e+01 2.000000000000000000e+01 4.000000000000000000e+01 8.000000000000000000e+01 1.000000000000000000e+00 5.000000000000000000e+00 1.000000000000000000e+01 2.000000000000000000e+01 4.000000000000000000e+01 8.000000000000000000e+01 1.000000000000000000e+00 4.914124414087681636e-01 4.428874157570970027e-01 2.539284954150461404e-01 6.753425976165120526e-01 8.233997145543719975e-01 8.228996669082289106e-01
-9.199999999999999845e-02 1.000000000000000000e+00 5.000000000000000000e+00 1.000000000000000000e+01 2.000000000000000000e+01 4.000000000000000000e+01 8.000000000000000000e+01 1.000000000000000000e+00 5.000000000000000000e+00 1.000000000000000000e+01 2.000000000000000000e+01 4.000000000000000000e+01 8.000000000000000000e+01 1.000000000000000000e+00 4.914124414089182102e-01 4.435587821644157991e-01 3.071140998719585902e-01 6.720219547860005749e-01 8.237022547861022614e-01 8.230020177652372926e-01
-9.000000000000001055e-02 1.000000000000000000e+00 5.000000000000000000e+00 1.000000000000000000e+01 2.000000000000000000e+01 4.000000000000000000e+01 8.000000000000000000e+01 1.000000000000000000e+00 5.000000000000000000e+00 1.000000000000000000e+01 2.000000000000000000e+01 4.000000000000000000e+01 8.000000000000000000e+01 1.000000000000000000e+00 4.914124414090611515e-01 4.441992409835609501e-01 4.148637703829390899e-01 6.570165744231125649e-01 8.236270648844896680e-01 8.233948973716139763e-01
-8.800000000000000877e-02 1.000000000000000000e+00 5.000000000000000000e+00 1.000000000000000000e+01 2.000000000000000000e+01 4.000000000000000000e+01 8.000000000000000000e+01 1.000000000000000000e+00 5.000000000000000000e+00 1.000000000000000000e+01 2.000000000000000000e+01 4.000000000000000000e+01 8.000000000000000000e+01 1.000000000000000000e+00 4.914124414091964876e-01 4.448100700667570462e-01 3.327388443001471074e-01 6.295810106536039452e-01 8.235453213708796572e-01 8.238409193257562046e-01
-8.600000000000000699e-02 1.000000000000000000e+00 5.000000000000000000e+00 1.000000000000000000e+01 2.000000000000000000e+01 4.000000000000000000e+01 8.000000000000000000e+01 1.000000000000000000e+00 5.000000000000000000e+00 1.000000000000000000e+01 2.000000000000000000e+01 4.000000000000000000e+01 8.000000000000000000e+01 1.000000000000000000e+00 4.914124414093247184e-01 4.453925079616198879e-01 2.964181571169935414e-01 6.028029290062026924e-01 8.234567588037543517e-01 8.242941887155702529e-01
-8.400000000000000522e-02 1.000000000000000000e+00 5.000000000000000000e+00 1.000000000000000000e+01 2.000000000000000000e+01 4.000000000000000000e+01 8.000000000000000000e+01 1.000000000000000000e+00 5.000000000000000000e+00 1.000000000000000000e+01 2.000000000000000000e+01 4.000000000000000000e+01 8.000000000000000000e+01 1.000000000000000000e+00 4.914124414094469540e-01 4.459477538110908634e-01 2.815083322142220013e-01 5.867967867734770193e-01 8.233611176335450255e-01 8.247544245228632942e-01
-8.200000000000000344e-02 1.000000000000000000e+00 5.000000000000000000e+00 1.000000000000000000e+01 2.000000000000000000e+01 4.000000000000000000e+01 8.000000000000000000e+01 1.000000000000000000e+00 5.000000000000000000e+00 1.000000000000000000e+01 2.000000000000000000e+01 4.000000000000000000e+01 8.000000000000000000e+01 1.000000000000000000e+00 4.914124414095626392e-01 4.464769674102283536e-01 2.754529468332643227e-01 5.692730765591397235e-01 8.235057963320805419e-01 8.252213315902272583e-01
-8.000000000000000167e-02 1.000000000000000000e+00 5.000000000000000000e+00 1.000000000000000000e+01 2.000000000000000000e+01 4.000000000000000000e+01 8.000000000000000000e+01 1.000000000000000000e+00 5.000000000000000000e+00 1.000000000000000000e+01 2.000000000000000000e+01 4.000000000000000000e+01 8.000000000000000000e+01 1.000000000000000000e+00 4.914124414096727178e-01 4.469812694036415235e-01 2.740180128115365932e-01 5.500264488810269192e-01 8.236999357995764548e-01 8.255519534220735478e-01
-7.800000000000001377e-02 1.000000000000000000e+00 5.000000000000000000e+00 1.000000000000000000e+01 2.000000000000000000e+01 4.000000000000000000e+01 8.000000000000000000e+01 1.000000000000000000e+00 5.000000000000000000e+00 1.000000000000000000e+01 2.000000000000000000e+01 4.000000000000000000e+01 8.000000000000000000e+01 1.000000000000000000e+00 4.914124414097767457e-01 4.474617416081594912e-01 2.753548235538197386e-01 5.288104328054342718e-01 8.238925574590948431e-01 8.260720822418885501e-01
-7.600000000000001199e-02 1.000000000000000000e+00 5.000000000000000000e+00 1.000000000000000000e+01 2.000000000000000000e+01 4.000000000000000000e+01 8.000000000000000000e+01 1.000000000000000000e+00 5.000000000000000000e+00 1.000000000000000000e+01 2.000000000000000000e+01 4.000000000000000000e+01 8.000000000000000000e+01 1.000000000000000000e+00 4.914124414098757776e-01 4.479194274463380032e-01 2.780866749711355390e-01 5.053295670810609153e-01 8.240833188899164830e-01 8.267267819088466307e-01
-7.400000000000001021e-02 1.000000000000000000e+00 5.000000000000000000e+00 1.000000000000000000e+01 2.000000000000000000e+01 4.000000000000000000e+01 8.000000000000000000e+01 1.000000000000000000e+00 5.000000000000000000e+00 1.000000000000000000e+01 2.000000000000000000e+01 4.000000000000000000e+01 8.000000000000000000e+01 1.000000000000000000e+00 4.914124414099701466e-01 4.483553324772481807e-01 2.810832686905920252e-01 4.792323853192112515e-01 8.242718776039635875e-01 8.273962533969831945e-01
-7.200000000000000844e-02 1.000000000000000000e+00 5.000000000000000000e+00 1.000000000000000000e+01 2.000000000000000000e+01 4.000000000000000000e+01 8.000000000000000000e+01 1.000000000000000000e+00 5.000000000000000000e+00 1.000000000000000000e+01 2.000000000000000000e+01 4.000000000000000000e+01 8.000000000000000000e+01 1.000000000000000000e+00 4.914124414100591309e-01 4.487704250119404215e-01 2.840787691007891635e-01 4.501009362374476797e-01 8.244578924462041547e-01 8.280803497833304494e-01
-7.000000000000000666e-02 1.000000000000000000e+00 5.000000000000000000e+00 1.000000000000000000e+01 2.000000000000000000e+01 4.000000000000000000e+01 8.000000000000000000e+01 1.000000000000000000e+00 5.000000000000000000e+00 1.000000000000000000e+01 2.000000000000000000e+01 4.000000000000000000e+01 8.000000000000000000e+01 1.000000000000000000e+00 4.914124414101436744e-01 4.491656368019086298e-01 2.871925488234287061e-01 4.174420640906123525e-01 8.248974810651578116e-01 8.287789030157338699e-01
-6.800000000000000488e-02 1.000000000000000000e+00 5.000000000000000000e+00 1.000000000000000000e+01 2.000000000000000000e+01 4.000000000000000000e+01 8.000000000000000000e+01 1.000000000000000000e+00 5.000000000000000000e+00 1.000000000000000000e+01 2.000000000000000000e+01 4.000000000000000000e+01 8.000000000000000000e+01 1.000000000000000000e+00 4.914124414102242211e-01 4.495418637897058423e-01 2.902331685168011988e-01 3.806817767807589292e-01 8.254249075470393437e-01 8.293068679698819556e-01
-6.600000000000000311e-02 1.000000000000000000e+00 5.000000000000000000e+00 1.000000000000000000e+01 2.000000000000000000e+01 4.000000000000000000e+01 8.000000000000000000e+01 1.000000000000000000e+00 5.000000000000000000e+00 1.000000000000000000e+01 2.000000000000000000e+01 4.000000000000000000e+01 8.000000000000000000e+01 1.000000000000000000e+00 4.914124414103002714e-01 4.498999669117932365e-01 2.933795345998464477e-01 3.391708544608889042e-01 8.256819861847178865e-01 8.297520649503097312e-01
-6.400000000000000133e-02 1.000000000000000000e+00 5.000000000000000000e+00 1.000000000000000000e+01 2.000000000000000000e+01 4.000000000000000000e+01 8.000000000000000000e+01 1.000000000000000000e+00 5.000000000000000000e+00 1.000000000000000000e+01 2.000000000000000000e+01 4.000000000000000000e+01 8.000000000000000000e+01 1.000000000000000000e+00 4.914124414103722693e-01 4.502407729444904416e-01 2.964938708860999639e-01 2.923409779234489303e-01 8.257791573153404618e-01 8.304060789958940259e-01
-6.200000000000000649e-02 1.000000000000000000e+00 5.000000000000000000e+00 1.000000000000000000e+01 2.000000000000000000e+01 4.000000000000000000e+01 8.000000000000000000e+01 1.000000000000000000e+00 5.000000000000000000e+00 1.000000000000000000e+01 2.000000000000000000e+01 4.000000000000000000e+01 8.000000000000000000e+01 1.000000000000000000e+00 4.914124414104414917e-01 4.505650753847169065e-01 2.995321092258377282e-01 2.418430011979160466e-01 8.258761841293832395e-01 8.310749670784718379e-01
-6.000000000000000472e-02 1.000000000000000000e+00 5.000000000000000000e+00 1.000000000000000000e+01 2.000000000000000000e+01 4.000000000000000000e+01 8.000000000000000000e+01 1.000000000000000000e+00 5.000000000000000000e+00 1.000000000000000000e+01 2.000000000000000000e+01 4.000000000000000000e+01 8.000000000000000000e+01 1.000000000000000000e+00 4.914124414105067729e-01 4.508736353579339551e-01 3.024933532173498807e-01 2.039371522934426417e-01 8.259729400927641185e-01 8.317585869971875212e-01
-5.800000000000000294e-02 1.000000000000000000e+00 5.000000000000000000e+00 1.000000000000000000e+01 2.000000000000000000e+01 4.000000000000000000e+01 8.000000000000000000e+01 1.000000000000000000e+00 5.000000000000000000e+00 1.000000000000000000e+01 2.000000000000000000e+01 4.000000000000000000e+01 8.000000000000000000e+01 1.000000000000000000e+00 4.914124414105684457e-01 4.511671825464965147e-01 3.053769182556465567e-01 1.768008744237818120e-01 8.261677807007371532e-01 8.324567751625655543e-01
-5.600000000000000810e-02 1.000000000000000000e+00 5.000000000000000000e+00 1.000000000000000000e+01 2.000000000000000000e+01 4.000000000000000000e+01 8.000000000000000000e+01 1.000000000000000000e+00 5.000000000000000000e+00 1.000000000000000000e+01 2.000000000000000000e+01 4.000000000000000000e+01 8.000000000000000000e+01 1.000000000000000000e+00 4.914124414106271765e-01 4.514464161321845581e-01 3.081823261574829775e-01 1.549060801646588437e-01 8.265675965864942576e-01 8.330793604308910361e-01
-5.400000000000000633e-02 1.000000000000000000e+00 5.000000000000000000e+00 1.000000000000000000e+01 2.000000000000000000e+01 4.000000000000000000e+01 8.000000000000000000e+01 1.000000000000000000e+00 5.000000000000000000e+00 1.000000000000000000e+01 2.000000000000000000e+01 4.000000000000000000e+01 8.000000000000000000e+01 1.000000000000000000e+00 4.914124414106830208e-01 4.517120057474357520e-01 3.109092987259768348e-01 1.416518384974378153e-01 8.269732804404205107e-01 8.327549094646862216e-01
-5.200000000000000455e-02 1.000000000000000000e+00 5.000000000000000000e+00 1.000000000000000000e+01 2.000000000000000000e+01 4.000000000000000000e+01 8.000000000000000000e+01 1.000000000000000000e+00 5.000000000000000000e+00 1.000000000000000000e+01 2.000000000000000000e+01 4.000000000000000000e+01 8.000000000000000000e+01 1.000000000000000000e+00 4.914124414107357564e-01 4.519645924303142825e-01 3.135577503674087385e-01 1.401001032921985745e-01 8.273846123049062307e-01 8.332316093211012964e-01
-5.000000000000000278e-02 1.000000000000000000e+00 5.000000000000000000e+00 1.000000000000000000e+01 2.000000000000000000e+01 4.000000000000000000e+01 8.000000000000000000e+01 1.000000000000000000e+00 5.000000000000000000e+00 1.000000000000000000e+01 2.000000000000000000e+01 4.000000000000000000e+01 8.000000000000000000e+01 1.000000000000000000e+00 4.913230982163602767e-01 4.521696969304031533e-01 3.161067519443144236e-01 2.010745867669490039e-01 8.278013645378049512e-01 8.337192902269404682e-01
-4.800000000000000100e-02 1.000000000000000000e+00 5.000000000000000000e+00 1.000000000000000000e+01 2.000000000000000000e+01 4.000000000000000000e+01 8.000000000000000000e+01 1.000000000000000000e+00 5.000000000000000000e+00 1.000000000000000000e+01 2.000000000000000000e+01 4.000000000000000000e+01 8.000000000000000000e+01 1.000000000000000000e+00 4.906140523231907191e-01 4.523167056760574178e-01 3.185489033598071229e-01 5.644501035071413098e-01 8.282233026859106007e-01 8.342178789997410915e-01
-4.600000000000000616e-02 1.000000000000000000e+00 5.000000000000000000e+00 1.000000000000000000e+01 2.000000000000000000e+01 4.000000000000000000e+01 8.000000000000000000e+01 1.000000000000000000e+00 5.000000000000000000e+00 1.000000000000000000e+01 2.000000000000000000e+01 4.000000000000000000e+01 8.000000000000000000e+01 1.000000000000000000e+00 4.897252527329064020e-01 4.524490854625438097e-01 3.209099524824357008e-01 6.381411817710261891e-01 8.287367157259492023e-01 8.347272893098681701e-01
-4.400000000000000439e-02 1.000000000000000000e+00 5.000000000000000000e+00 1.000000000000000000e+01 2.000000000000000000e+01 4.000000000000000000e+01 8.000000000000000000e+01 1.000000000000000000e+00 5.000000000000000000e+00 1.000000000000000000e+01 2.000000000000000000e+01 4.000000000000000000e+01 8.000000000000000000e+01 1.000000000000000000e+00 4.888020563012983599e-01 4.525672922519284880e-01 3.231904111099265786e-01 6.764067849980573977e-01 8.295149787548863340e-01 8.352474221616531525e-01
-4.200000000000000261e-02 1.000000000000000000e+00 5.000000000000000000e+00 1.000000000000000000e+01 2.000000000000000000e+01 4.000000000000000000e+01 8.000000000000000000e+01 1.000000000000000000e+00 5.000000000000000000e+00 1.000000000000000000e+01 2.000000000000000000e+01 4.000000000000000000e+01 8.000000000000000000e+01 1.000000000000000000e+00 4.878436898934420118e-01 4.526717595060833488e-01 3.253909402417036190e-01 6.732086741431869692e-01 8.302484086129803265e-01 8.352548280563845129e-01
-4.000000000000000777e-02 1.000000000000000000e+00 5.000000000000000000e+00 1.000000000000000000e+01 2.000000000000000000e+01 4.000000000000000000e+01 8.000000000000000000e+01 1.000000000000000000e+00 5.000000000000000000e+00 1.000000000000000000e+01 2.000000000000000000e+01 4.000000000000000000e+01 8.000000000000000000e+01 1.000000000000000000e+00 4.868494087826703565e-01 4.527342822809453105e-01 3.274994962791559772e-01 6.582306654227272347e-01 8.306098587768560026e-01 8.352548280560595506e-01
-3.800000000000000600e-02 1.000000000000000000e+00 5.000000000000000000e+00 1.000000000000000000e+01 2.000000000000000000e+01 4.000000000000000000e+01 8.000000000000000000e+01 1.000000000000000000e+00 5.000000000000000000e+00 1.000000000000000000e+01 2.000000000000000000e+01 4.000000000000000000e+01 8.000000000000000000e+01 1.000000000000000000e+00 4.858185006605830747e-01 4.526249364826010479e-01 3.294692421676786998e-01 6.306980657396434875e-01 8.309792336323394979e-01 8.352548280557339222e-01
-3.600000000000000422e-02 1.000000000000000000e+00 5.000000000000000000e+00 1.000000000000000000e+01 2.000000000000000000e+01 4.000000000000000000e+01 8.000000000000000000e+01 1.000000000000000000e+00 5.000000000000000000e+00 1.000000000000000000e+01 2.000000000000000000e+01 4.000000000000000000e+01 8.000000000000000000e+01 1.000000000000000000e+00 4.847502897004137279e-01 4.515151240729292637e-01 3.313576125340214062e-01 6.038172152742498078e-01 8.313564639292804204e-01 8.352548280554064064e-01
-3.400000000000000244e-02 1.000000000000000000e+00 5.000000000000000000e+00 1.000000000000000000e+01 2.000000000000000000e+01 4.000000000000000000e+01 8.000000000000000000e+01 1.000000000000000000e+00 5.000000000000000000e+00 1.000000000000000000e+01 2.000000000000000000e+01 4.000000000000000000e+01 8.000000000000000000e+01 1.000000000000000000e+00 4.836441406427811063e-01 4.491142854271656382e-01 3.331458078161380620e-01 5.878518925430614717e-01 8.317414714297324263e-01 8.352548280550772253e-01
-3.200000000000000067e-02 1.000000000000000000e+00 5.000000000000000000e+00 1.000000000000000000e+01 2.000000000000000000e+01 4.000000000000000000e+01 8.000000000000000000e+01 1.000000000000000000e+00 5.000000000000000000e+00 1.000000000000000000e+01 2.000000000000000000e+01 4.000000000000000000e+01 8.000000000000000000e+01 1.000000000000000000e+00 4.824994628701680943e-01 4.454566321945350738e-01 3.347676982144569546e-01 5.703617485989539437e-01 8.311189231446935999e-01 8.352548280547469339e-01
-2.999999999999999889e-02 1.000000000000000000e+00 5.000000000000000000e+00 1.000000000000000000e+01 2.000000000000000000e+01 4.000000000000000000e+01 8.000000000000000000e+01 1.000000000000000000e+00 5.000000000000000000e+00 1.000000000000000000e+01 2.000000000000000000e+01 4.000000000000000000e+01 8.000000000000000000e+01 1.000000000000000000e+00 4.813157144340201588e-01 4.406311623209950845e-01 3.359872288908322124e-01 5.511395787803207158e-01 8.316494442110141661e-01 8.352548280544143111e-01
-2.799999999999999711e-02 1.000000000000000000e+00 5.000000000000000000e+00 1.000000000000000000e+01 2.000000000000000000e+01 4.000000000000000000e+01 8.000000000000000000e+01 1.000000000000000000e+00 5.000000000000000000e+00 1.000000000000000000e+01 2.000000000000000000e+01 4.000000000000000000e+01 8.000000000000000000e+01 1.000000000000000000e+00 4.800924059963722068e-01 4.354335154959176890e-01 3.362653496384915841e-01 5.299353929340910874e-01 8.321898958212472497e-01 8.352548280540816883e-01
-2.600000000000000921e-02 1.000000000000000000e+00 5.000000000000000000e+00 1.000000000000000000e+01 2.000000000000000000e+01 4.000000000000000000e+01 8.000000000000000000e+01 1.000000000000000000e+00 5.000000000000000000e+00 1.000000000000000000e+01 2.000000000000000000e+01 4.000000000000000000e+01 8.000000000000000000e+01 1.000000000000000000e+00 4.788291046462871403e-01 4.300807036747448797e-01 3.354488318357541354e-01 5.064517364180793901e-01 8.327401325777750163e-01 8.352548280537462899e-01
-2.400000000000000744e-02 1.000000000000000000e+00 5.000000000000000000e+00 1.000000000000000000e+01 2.000000000000000000e+01 4.000000000000000000e+01 8.000000000000000000e+01 1.000000000000000000e+00 5.000000000000000000e+00 1.000000000000000000e+01 2.000000000000000000e+01 4.000000000000000000e+01 8.000000000000000000e+01 1.000000000000000000e+00 4.775254375503732995e-01 4.245752866562125805e-01 3.334226702013892707e-01 4.803332202464620782e-01 8.333000003294658287e-01 8.352548280534103364e-01
-2.200000000000000566e-02 1.000000000000000000e+00 5.000000000000000000e+00 1.000000000000000000e+01 2.000000000000000000e+01 4.000000000000000000e+01 8.000000000000000000e+01 1.000000000000000000e+00 5.000000000000000000e+00 1.000000000000000000e+01 2.000000000000000000e+01 4.000000000000000000e+01 8.000000000000000000e+01 1.000000000000000000e+00 4.761810953961769788e-01 4.189204035898287382e-01 3.300692984919664230e-01 4.511566399798241922e-01 8.338693368906456849e-01 8.352548280530723845e-01
-2.000000000000000389e-02 1.000000000000000000e+00 5.000000000000000000e+00 1.000000000000000000e+01 2.000000000000000000e+01 4.000000000000000000e+01 8.000000000000000000e+01 1.000000000000000000e+00 5.000000000000000000e+00 1.000000000000000000e+01 2.000000000000000000e+01 4.000000000000000000e+01 8.000000000000000000e+01 1.000000000000000000e+00 4.747958355874543068e-01 4.131197903842637187e-01 3.252621784622081180e-01 4.184217620372578383e-01 8.344479727734614993e-01 8.352548280527328783e-01
-1.800000000000000211e-02 1.000000000000000000e+00 5.000000000000000000e+00 1.000000000000000000e+01 2.000000000000000000e+01 4.000000000000000000e+01 8.000000000000000000e+01 1.000000000000000000e+00 5.000000000000000000e+00 1.000000000000000000e+01 2.000000000000000000e+01 4.000000000000000000e+01 8.000000000000000000e+01 1.000000000000000000e+00 4.733694851512178503e-01 4.071777921765342145e-01 3.188658556139534195e-01 3.815450542914273768e-01 8.350357319303565173e-01 8.352548280523914848e-01
-1.600000000000000033e-02 1.000000000000000000e+00 5.000000000000000000e+00 1.000000000000000000e+01 2.000000000000000000e+01 4.000000000000000000e+01 8.000000000000000000e+01 1.000000000000000000e+00 5.000000000000000000e+00 1.000000000000000000e+01 2.000000000000000000e+01 4.000000000000000000e+01 8.000000000000000000e+01 1.000000000000000000e+00 4.719019433180808853e-01 4.010993702751148304e-01 3.107291768045485347e-01 3.398604699131176354e-01 8.352548280422624760e-01 8.352548280520487589e-01
-1.399999999999999856e-02 1.000000000000000000e+00 5.000000000000000000e+00 1.000000000000000000e+01 2.000000000000000000e+01 4.000000000000000000e+01 8.000000000000000000e+01 1.000000000000000000e+00 5.000000000000000000e+00 1.000000000000000000e+01 2.000000000000000000e+01 4.000000000000000000e+01 8.000000000000000000e+01 1.000000000000000000e+00 4.703931837398119820e-01 3.948901030469710305e-01 3.015011965286677476e-01 2.927250051213254323e-01 8.352548280485417864e-01 8.352548280520840640e-01
-1.200000000000001066e-02 1.000000000000000000e+00 5.000000000000000000e+00 1.000000000000000000e+01 2.000000000000000000e+01 4.000000000000000000e+01 8.000000000000000000e+01 1.000000000000000000e+00 5.000000000000000000e+00 1.000000000000000000e+01 2.000000000000000000e+01 4.000000000000000000e+01 8.000000000000000000e+01 1.000000000000000000e+00 4.688432563110769280e-01 3.885561802962773648e-01 2.921193231691992520e-01 2.418970563988084299e-01 8.352548280488809596e-01 8.352548280521702173e-01
-1.000000000000000888e-02 1.000000000000000000e+00 5.000000000000000000e+00 1.000000000000000000e+01 2.000000000000000000e+01 4.000000000000000000e+01 8.000000000000000000e+01 1.000000000000000000e+00 5.000000000000000000e+00 1.000000000000000000e+01 2.000000000000000000e+01 4.000000000000000000e+01 8.000000000000000000e+01 1.000000000000000000e+00 4.672522885661989922e-01 3.821043907814590246e-01 2.826137181355522499e-01 2.032924269398545813e-01 8.352548280487595012e-01 8.352548280522519297e-01
-8.000000000000007105e-03 1.000000000000000000e+00 5.000000000000000000e+00 1.000000000000000000e+01 2.000000000000000000e+01 4.000000000000000000e+01 8.000000000000000000e+01 1.000000000000000000e+00 5.000000000000000000e+00 1.000000000000000000e+01 2.000000000000000000e+01 4.000000000000000000e+01 8.000000000000000000e+01 1.000000000000000000e+00 4.656204866262225739e-01 3.755421026355395542e-01 2.730135258105072515e-01 1.752081226764454214e-01 8.352548280486423726e-01 8.352548280519092039e-01
-6.000000000000005329e-03 1.000000000000000000e+00 5.000000000000000000e+00 1.000000000000000000e+01 2.000000000000000000e+01 4.000000000000000000e+01 8.000000000000000000e+01 1.000000000000000000e+00 5.000000000000000000e+00 1.000000000000000000e+01 2.000000000000000000e+01 4.000000000000000000e+01 8.000000000000000000e+01 1.000000000000000000e+00 4.639481356766178011e-01 3.688772365906762829e-01 2.633486101145947056e-01 1.531479525012686693e-01 8.352548280484212162e-01 8.352548280515640355e-01
-4.000000000000003553e-03 1.000000000000000000e+00 5.000000000000000000e+00 1.000000000000000000e+01 2.000000000000000000e+01 4.000000000000000000e+01 8.000000000000000000e+01 1.000000000000000000e+00 5.000000000000000000e+00 1.000000000000000000e+01 2.000000000000000000e+01 4.000000000000000000e+01 8.000000000000000000e+01 1.000000000000000000e+00 4.622355999615692657e-01 3.621182320575860314e-01 2.536492597557958861e-01 1.397112756544119649e-01 8.352548280481105758e-01 8.352548280512177570e-01
-2.000000000000001776e-03 1.000000000000000000e+00 5.000000000000000000e+00 1.000000000000000000e+01 2.000000000000000000e+01 4.000000000000000000e+01 8.000000000000000000e+01 1.000000000000000000e+00 5.000000000000000000e+00 1.000000000000000000e+01 2.000000000000000000e+01 4.000000000000000000e+01 8.000000000000000000e+01 1.000000000000000000e+00 4.604833222867151243e-01 3.552740062701428281e-01 2.439458751334964981e-01 1.368730394094196112e-01 8.352548280475455833e-01 8.352548280508160783e-01
0.000000000000000000e+00 1.000000000000000000e+00 5.000000000000000000e+00 1.000000000000000000e+01 2.000000000000000000e+01 4.000000000000000000e+01 8.000000000000000000e+01 1.000000000000000000e+00 5.000000000000000000e+00 1.000000000000000000e+01 2.000000000000000000e+01 4.000000000000000000e+01 8.000000000000000000e+01 1.000000000000000000e+00 4.596341950514945540e-01 3.486056127211019651e-01 2.344545771387310518e-01 1.886644952869036274e-01 8.352548280470101227e-01 8.352548280504901168e-01
2.000000000000001776e-03 1.000000000000000000e+00 5.000000000000000000e+00 1.000000000000000000e+01 2.000000000000000000e+01 4.000000000000000000e+01 8.000000000000000000e+01 1.000000000000000000e+00 5.000000000000000000e+00 1.000000000000000000e+01 2.000000000000000000e+01 4.000000000000000000e+01 8.000000000000000000e+01 1.000000000000000000e+00 4.663142353319075784e-01 3.421554269346270827e-01 2.356190931987129644e-01 4.936019834143102747e-01 8.352548280464205943e-01 8.352548280502904987e-01
4.000000000000003553e-03 1.000000000000000000e+00 5.000000000000000000e+00 1.000000000000000000e+01 2.000000000000000000e+01 4.000000000000000000e+01 8.000000000000000000e+01 1.000000000000000000e+00 5.000000000000000000e+00 1.000000000000000000e+01 2.000000000000000000e+01 4.000000000000000000e+01 8.000000000000000000e+01 1.000000000000000000e+00 4.756850483746108971e-01 3.374184009064327139e-01 2.409973324646659532e-01 5.888825292018531332e-01 8.352548280447318341e-01 8.352548280500947664e-01
5.999999999999991451e-03 1.000000000000000000e+00 5.000000000000000000e+00 1.000000000000000000e+01 2.000000000000000000e+01 4.000000000000000000e+01 8.000000000000000000e+01 1.000000000000000000e+00 5.000000000000000000e+00 1.000000000000000000e+01 2.000000000000000000e+01 4.000000000000000000e+01 8.000000000000000000e+01 1.000000000000000000e+00 4.876707737570786239e-01 3.537738688565619238e-01 2.533841168284465262e-01 6.374373207588512891e-01 8.352548280422972260e-01 8.352548280499685340e-01
7.999999999999993228e-03 1.000000000000000000e+00 5.000000000000000000e+00 1.000000000000000000e+01 2.000000000000000000e+01 4.000000000000000000e+01 8.000000000000000000e+01 1.000000000000000000e+00 5.000000000000000000e+00 1.000000000000000000e+01 2.000000000000000000e+01 4.000000000000000000e+01 8.000000000000000000e+01 1.000000000000000000e+00 5.005229405167818113e-01 4.224842400765993489e-01 3.063009577211507906e-01 6.327848955456993885e-01 8.352548280389476831e-01 8.352548280498717226e-01
9.999999999999995004e-03 1.000000000000000000e+00 5.000000000000000000e+00 1.000000000000000000e+01 2.000000000000000000e+01 4.000000000000000000e+01 8.000000000000000000e+01 1.000000000000000000e+00 5.000000000000000000e+00 1.000000000000000000e+01 2.000000000000000000e+01 4.000000000000000000e+01 8.000000000000000000e+01 1.000000000000000000e+00 5.060539398303568470e-01 4.640724354510684657e-01 3.628377888730396350e-01 6.128335940716750363e-01 8.352548280406771886e-01 8.352548280497810174e-01
1.199999999999999678e-02 1.000000000000000000e+00 5.000000000000000000e+00 1.000000000000000000e+01 2.000000000000000000e+01 4.000000000000000000e+01 8.000000000000000000e+01 1.000000000000000000e+00 5.000000000000000000e+00 1.000000000000000000e+01 2.000000000000000000e+01 4.000000000000000000e+01 8.000000000000000000e+01 1.000000000000000000e+00 5.001375651012268664e-01 4.272097092360228054e-01 3.317931380236390226e-01 5.765359714756720377e-01 8.352548280448962581e-01 8.352548280496958633e-01
1.399999999999999856e-02 1.000000000000000000e+00 5.000000000000000000e+00 1.000000000000000000e+01 2.000000000000000000e+01 4.000000000000000000e+01 8.000000000000000000e+01 1.000000000000000000e+00 5.000000000000000000e+00 1.000000000000000000e+01 2.000000000000000000e+01 4.000000000000000000e+01 8.000000000000000000e+01 1.000000000000000000e+00 4.943283431351638280e-01 3.899459204527426226e-01 2.958389554487817485e-01 5.409095713294964636e-01 8.352548280449014761e-01 8.352548280496164823e-01
1.600000000000000033e-02 1.000000000000000000e+00 5.000000000000000000e+00 1.000000000000000000e+01 2.000000000000000000e+01 4.000000000000000000e+01 8.000000000000000000e+01 1.000000000000000000e+00 5.000000000000000000e+00 1.000000000000000000e+01 2.000000000000000000e+01 4.000000000000000000e+01 8.000000000000000000e+01 1.000000000000000000e+00 4.886328114824556867e-01 3.716195669071946650e-01 2.810693618319886622e-01 5.192205033446697371e-01 8.352548280446584483e-01 8.352548280495414312e-01
1.800000000000000211e-02 1.000000000000000000e+00 5.000000000000000000e+00 1.000000000000000000e+01 2.000000000000000000e+01 4.000000000000000000e+01 8.000000000000000000e+01 1.000000000000000000e+00 5.000000000000000000e+00 1.000000000000000000e+01 2.000000000000000000e+01 4.000000000000000000e+01 8.000000000000000000e+01 1.000000000000000000e+00 4.830568429300758360e-01 3.648212836652453550e-01 2.750921601548272921e-01 4.954013660186544210e-01 8.352548280443667927e-01 8.352548280494721533e-01
1.999999999999999001e-02 1.000000000000000000e+00 5.000000000000000000e+00 1.000000000000000000e+01 2.000000000000000000e+01 4.000000000000000000e+01 8.000000000000000000e+01 1.000000000000000000e+00 5.000000000000000000e+00 1.000000000000000000e+01 2.000000000000000000e+01 4.000000000000000000e+01 8.000000000000000000e+01 1.000000000000000000e+00 4.776056340583247350e-01 3.639137174677480324e-01 2.737080675734086532e-01 4.691574466037712887e-01 8.352548280439910933e-01 8.352548280492795296e-01
2.199999999999999178e-02 1.000000000000000000e+00 5.000000000000000000e+00 1.000000000000000000e+01 2.000000000000000000e+01 4.000000000000000000e+01 8.000000000000000000e+01 1.000000000000000000e+00 5.000000000000000000e+00 1.000000000000000000e+01 2.000000000000000000e+01 4.000000000000000000e+01 8.000000000000000000e+01 1.000000000000000000e+00 4.722837019003755521e-01 3.661550162467607783e-01 2.750704112554770431e-01 4.401369019043060438e-01 8.352548280434083372e-01 8.352548280487469556e-01
2.399999999999999356e-02 1.000000000000000000e+00 5.000000000000000000e+00 1.000000000000000000e+01 2.000000000000000000e+01 4.000000000000000000e+01 8.000000000000000000e+01 1.000000000000000000e+00 5.000000000000000000e+00 1.000000000000000000e+01 2.000000000000000000e+01 4.000000000000000000e+01 8.000000000000000000e+01 1.000000000000000000e+00 4.676251928375946831e-01 3.690780650900828408e-01 2.777998723135305381e-01 4.079185267461397646e-01 8.352548280426943528e-01 8.352548280485576626e-01
2.599999999999999534e-02 1.000000000000000000e+00 5.000000000000000000e+00 1.000000000000000000e+01 2.000000000000000000e+01 4.000000000000000000e+01 8.000000000000000000e+01 1.000000000000000000e+00 5.000000000000000000e+00 1.000000000000000000e+01 2.000000000000000000e+01 4.000000000000000000e+01 8.000000000000000000e+01 1.000000000000000000e+00 4.672686722468457066e-01 3.720191441640934293e-01 2.808526631020566433e-01 3.720044116308872106e-01 8.352548280416037807e-01 8.352548280482456899e-01
2.799999999999999711e-02 1.000000000000000000e+00 5.000000000000000000e+00 1.000000000000000000e+01 2.000000000000000000e+01 4.000000000000000000e+01 8.000000000000000000e+01 1.000000000000000000e+00 5.000000000000000000e+00 1.000000000000000000e+01 2.000000000000000000e+01 4.000000000000000000e+01 8.000000000000000000e+01 1.000000000000000000e+00 4.682663969281892213e-01 3.751519662534242294e-01 2.841436307276686835e-01 3.318179498443442066e-01 8.352548280399918479e-01 8.352548280478850895e-01
2.999999999999999889e-02 1.000000000000000000e+00 5.000000000000000000e+00 1.000000000000000000e+01 2.000000000000000000e+01 4.000000000000000000e+01 8.000000000000000000e+01 1.000000000000000000e+00 5.000000000000000000e+00 1.000000000000000000e+01 2.000000000000000000e+01 4.000000000000000000e+01 8.000000000000000000e+01 1.000000000000000000e+00 4.692310465932068575e-01 3.782071800630100733e-01 2.874930959146644316e-01 2.866417598520958343e-01 8.352548280378000456e-01 8.352548280475216025e-01
3.200000000000000067e-02 1.000000000000000000e+00 5.000000000000000000e+00 1.000000000000000000e+01 2.000000000000000000e+01 4.000000000000000000e+01 8.000000000000000000e+01 1.000000000000000000e+00 5.000000000000000000e+00 1.000000000000000000e+01 2.000000000000000000e+01 4.000000000000000000e+01 8.000000000000000000e+01 1.000000000000000000e+00 4.701631167169675884e-01 3.811841285145042280e-01 2.907704025251201529e-01 2.356532811824073592e-01 8.352548280348062182e-01 8.352548280471572273e-01
3.400000000000000244e-02 1.000000000000000000e+00 5.000000000000000000e+00 1.000000000000000000e+01 2.000000000000000000e+01 4.000000000000000000e+01 8.000000000000000000e+01 1.000000000000000000e+00 5.000000000000000000e+00 1.000000000000000000e+01 2.000000000000000000e+01 4.000000000000000000e+01 8.000000000000000000e+01 1.000000000000000000e+00 4.710631386955635436e-01 3.840823404426627619e-01 2.939739775875458427e-01 1.779111528529222497e-01 8.352548280304950001e-01 8.352548280466974839e-01
3.600000000000000422e-02 1.000000000000000000e+00 5.000000000000000000e+00 1.000000000000000000e+01 2.000000000000000000e+01 4.000000000000000000e+01 8.000000000000000000e+01 1.000000000000000000e+00 5.000000000000000000e+00 1.000000000000000000e+01 2.000000000000000000e+01 4.000000000000000000e+01 8.000000000000000000e+01 1.000000000000000000e+00 4.719316768185443656e-01 3.869015264233812146e-01 2.971024692449794613e-01 1.123981133261771070e-01 8.352548280382802171e-01 8.352548280463432118e-01
3.800000000000000600e-02 1.000000000000000000e+00 5.000000000000000000e+00 1.000000000000000000e+01 2.000000000000000000e+01 4.000000000000000000e+01 8.000000000000000000e+01 1.000000000000000000e+00 5.000000000000000000e+00 1.000000000000000000e+01 2.000000000000000000e+01 4.000000000000000000e+01 8.000000000000000000e+01 1.000000000000000000e+00 4.727693252072245889e-01 3.896415736748266578e-01 3.001547452669300342e-01 4.140799173687248480e-02 8.352548280401278502e-01 8.352548280458891305e-01
4.000000000000000777e-02 1.000000000000000000e+00 5.000000000000000000e+00 1.000000000000000000e+01 2.000000000000000000e+01 4.000000000000000000e+01 8.000000000000000000e+01 1.000000000000000000e+00 5.000000000000000000e+00 1.000000000000000000e+01 2.000000000000000000e+01 4.000000000000000000e+01 8.000000000000000000e+01 1.000000000000000000e+00 4.735767047437839938e-01 3.923025401136790991e-01 3.031298902040143739e-01 -1.382289191803864892e-02 8.350923402224336156e-01 8.352548280455176499e-01
4.200000000000000955e-02 1.000000000000000000e+00 5.000000000000000000e+00 1.000000000000000000e+01 2.000000000000000000e+01 4.000000000000000000e+01 8.000000000000000000e+01 1.000000000000000000e+00 5.000000000000000000e+00 1.000000000000000000e+01 2.000000000000000000e+01 4.000000000000000000e+01 8.000000000000000000e+01 1.000000000000000000e+00 4.743544600146708534e-01 3.948846476544115025e-01 3.060272012698080912e-01 1.744117449691005295e-01 8.348841276854446214e-01 8.352548280451437268e-01
4.400000000000001132e-02 1.000000000000000000e+00 5.000000000000000000e+00 1.000000000000000000e+01 2.000000000000000000e+01 4.000000000000000000e+01 8.000000000000000000e+01 1.000000000000000000e+00 5.000000000000000000e+00 1.000000000000000000e+01 2.000000000000000000e+01 4.000000000000000000e+01 8.000000000000000000e+01 1.000000000000000000e+00 4.751032562901823519e-01 3.973882748437442824e-01 3.088461830458336110e-01 1.516126328965790304e-01 8.346822761108783073e-01 8.352548280447581464e-01
4.599999999999998535e-02 1.000000000000000000e+00 5.000000000000000000e+00 1.000000000000000000e+01 2.000000000000000000e+01 4.000000000000000000e+01 8.000000000000000000e+01 1.000000000000000000e+00 5.000000000000000000e+00 1.000000000000000000e+01 2.000000000000000000e+01 4.000000000000000000e+01 8.000000000000000000e+01 1.000000000000000000e+00 4.758237765602839620e-01 3.998139489250657208e-01 3.115865411148898700e-01 1.378207062275768890e-01 8.344866476441269443e-01 8.352548280441438600e-01
4.799999999999998712e-02 1.000000000000000000e+00 5.000000000000000000e+00 1.000000000000000000e+01 2.000000000000000000e+01 4.000000000000000000e+01 8.000000000000000000e+01 1.000000000000000000e+00 5.000000000000000000e+00 1.000000000000000000e+01 2.000000000000000000e+01 4.000000000000000000e+01 8.000000000000000000e+01 1.000000000000000000e+00 4.765167186447806791e-01 4.021623374286728003e-01 3.142481747350489574e-01 1.339713043042534135e-01 8.342971006897762498e-01 8.352548280437769312e-01
4.999999999999998890e-02 1.000000000000000000e+00 5.000000000000000000e+00 1.000000000000000000e+01 2.000000000000000000e+01 4.000000000000000000e+01 8.000000000000000000e+01 1.000000000000000000e+00 5.000000000000000000e+00 1.000000000000000000e+01 2.000000000000000000e+01 4.000000000000000000e+01 8.000000000000000000e+01 1.000000000000000000e+00 4.771827923939276350e-01 4.046714885791076743e-01 3.168311686714427311e-01 1.782067422366153675e-01 8.341134905089488960e-01 8.352548280435475592e-01
5.199999999999999067e-02 1.000000000000000000e+00 5.000000000000000000e+00 1.000000000000000000e+01 2.000000000000000000e+01 4.000000000000000000e+01 8.000000000000000000e+01 1.000000000000000000e+00 5.000000000000000000e+00 1.000000000000000000e+01 2.000000000000000000e+01 4.000000000000000000e+01 8.000000000000000000e+01 1.000000000000000000e+00 4.778227169934736174e-01 4.071331277182464459e-01 3.193357843057285650e-01 4.545770996523256224e-01 8.339356697942460483e-01 8.352548280431645322e-01
5.399999999999999245e-02 1.000000000000000000e+00 5.000000000000000000e+00 1.000000000000000000e+01 2.000000000000000000e+01 4.000000000000000000e+01 8.000000000000000000e+01 1.000000000000000000e+00 5.000000000000000000e+00 1.000000000000000000e+01 2.000000000000000000e+01 4.000000000000000000e+01 8.000000000000000000e+01 1.000000000000000000e+00 4.784372183860680083e-01 4.095244788841694294e-01 3.217624501438376972e-01 5.612524363218087675e-01 8.337634892210454840e-01 8.352548280426812521e-01
5.599999999999999423e-02 1.000000000000000000e+00 5.000000000000000000e+00 1.000000000000000000e+01 2.000000000000000000e+01 4.000000000000000000e+01 8.000000000000000000e+01 1.000000000000000000e+00 5.000000000000000000e+00 1.000000000000000000e+01 2.000000000000000000e+01 4.000000000000000000e+01 8.000000000000000000e+01 1.000000000000000000e+00 4.790270268188643876e-01 4.118465364289052300e-01 3.241117518413602627e-01 6.139354997414221415e-01 8.335967979726851551e-01 8.352548280420535320e-01
5.799999999999999600e-02 1.000000000000000000e+00 5.000000000000000000e+00 1.000000000000000000e+01 2.000000000000000000e+01 4.000000000000000000e+01 8.000000000000000000e+01 1.000000000000000000e+00 5.000000000000000000e+00 1.000000000000000000e+01 2.000000000000000000e+01 4.000000000000000000e+01 8.000000000000000000e+01 1.000000000000000000e+00 4.795928745252018843e-01 4.141003892282263399e-01 3.263844218631051786e-01 6.086170149506306970e-01 8.334354442382153616e-01 8.352548280414298087e-01
5.999999999999999778e-02 1.000000000000000000e+00 5.000000000000000000e+00 1.000000000000000000e+01 2.000000000000000000e+01 4.000000000000000000e+01 8.000000000000000000e+01 1.000000000000000000e+00 5.000000000000000000e+00 1.000000000000000000e+01 2.000000000000000000e+01 4.000000000000000000e+01 8.000000000000000000e+01 1.000000000000000000e+00 4.801354935462835427e-01 4.162872117803936844e-01 3.285813288889061767e-01 5.865453791209001011e-01 8.332792756889532138e-01 8.352548280409975989e-01
6.199999999999999956e-02 1.000000000000000000e+00 5.000000000000000000e+00 1.000000000000000000e+01 2.000000000000000000e+01 4.000000000000000000e+01 8.000000000000000000e+01 1.000000000000000000e+00 5.000000000000000000e+00 1.000000000000000000e+01 2.000000000000000000e+01 4.000000000000000000e+01 8.000000000000000000e+01 1.000000000000000000e+00 4.806556136969885595e-01 4.184082553956000039e-01 3.307034670721035186e-01 5.465756036624146441e-01 8.331281399015461053e-01 8.352548280408695902e-01
6.400000000000000133e-02 1.000000000000000000e+00 5.000000000000000000e+00 1.000000000000000000e+01 2.000000000000000000e+01 4.000000000000000000e+01 8.000000000000000000e+01 1.000000000000000000e+00 5.000000000000000000e+00 1.000000000000000000e+01 2.000000000000000000e+01 4.000000000000000000e+01 8.000000000000000000e+01 1.000000000000000000e+00 4.811539606782673784e-01 4.204648395374814829e-01 3.326813345319453719e-01 5.072200390612530141e-01 8.329254127760317150e-01 8.352548280405094339e-01
6.600000000000000311e-02 1.000000000000000000e+00 5.000000000000000000e+00 1.000000000000000000e+01 2.000000000000000000e+01 4.000000000000000000e+01 8.000000000000000000e+01 1.000000000000000000e+00 5.000000000000000000e+00 1.000000000000000000e+01 2.000000000000000000e+01 4.000000000000000000e+01 8.000000000000000000e+01 1.000000000000000000e+00 4.816312543370044885e-01 4.224583433714375058e-01 3.345556345174465762e-01 4.829988709242193923e-01 8.325703441116428793e-01 8.352548280399454406e-01
6.800000000000000488e-02 1.000000000000000000e+00 5.000000000000000000e+00 1.000000000000000000e+01 2.000000000000000000e+01 4.000000000000000000e+01 8.000000000000000000e+01 1.000000000000000000e+00 5.000000000000000000e+00 1.000000000000000000e+01 2.000000000000000000e+01 4.000000000000000000e+01 8.000000000000000000e+01 1.000000000000000000e+00 4.820882070728430557e-01 4.243901975678107674e-01 3.362585489104690240e-01 4.563806758154614340e-01 8.322261337649254909e-01 8.352548280393097269e-01
7.000000000000000666e-02 1.000000000000000000e+00 5.000000000000000000e+00 1.000000000000000000e+01 2.000000000000000000e+01 4.000000000000000000e+01 8.000000000000000000e+01 1.000000000000000000e+00 5.000000000000000000e+00 1.000000000000000000e+01 2.000000000000000000e+01 4.000000000000000000e+01 8.000000000000000000e+01 1.000000000000000000e+00 4.825255223902095159e-01 4.245619286109084678e-01 3.374817707679088619e-01 4.270326683415151536e-01 8.318925191618298243e-01 8.352548280386772328e-01
7.200000000000000844e-02 1.000000000000000000e+00 5.000000000000000000e+00 1.000000000000000000e+01 2.000000000000000000e+01 4.000000000000000000e+01 8.000000000000000000e+01 1.000000000000000000e+00 5.000000000000000000e+00 1.000000000000000000e+01 2.000000000000000000e+01 4.000000000000000000e+01 8.000000000000000000e+01 1.000000000000000000e+00 4.829438935926569365e-01 4.260512773416578747e-01 3.377377248739810711e-01 3.945576499889735800e-01 8.315692335145247194e-01 8.352548280380475143e-01
7.400000000000001021e-02 1.000000000000000000e+00 5.000000000000000000e+00 1.000000000000000000e+01 2.000000000000000000e+01 4.000000000000000000e+01 8.000000000000000000e+01 1.000000000000000000e+00 5.000000000000000000e+00 1.000000000000000000e+01 2.000000000000000000e+01 4.000000000000000000e+01 8.000000000000000000e+01 1.000000000000000000e+00 4.833440026157174163e-01 4.274813678629948988e-01 3.368912178583035044e-01 3.584802935152280323e-01 8.312560067877809988e-01 8.352548280375915457e-01
7.599999999999998423e-02 1.000000000000000000e+00 5.000000000000000000e+00 1.000000000000000000e+01 2.000000000000000000e+01 4.000000000000000000e+01 8.000000000000000000e+01 1.000000000000000000e+00 5.000000000000000000e+00 1.000000000000000000e+01 2.000000000000000000e+01 4.000000000000000000e+01 8.000000000000000000e+01 1.000000000000000000e+00 4.837265189936160170e-01 4.288538809210385438e-01 3.348308903708433482e-01 3.182406714810674941e-01 8.309525666179454761e-01 8.352548280372389389e-01
7.799999999999998601e-02 1.000000000000000000e+00 5.000000000000000000e+00 1.000000000000000000e+01 2.000000000000000000e+01 4.000000000000000000e+01 8.000000000000000000e+01 1.000000000000000000e+00 5.000000000000000000e+00 1.000000000000000000e+01 2.000000000000000000e+01 4.000000000000000000e+01 8.000000000000000000e+01 1.000000000000000000e+00 4.840920989545575703e-01 4.301705079211199378e-01 3.314377334981384315e-01 2.731866794187501890e-01 8.306586391796576541e-01 8.352548280368977673e-01
7.999999999999998779e-02 1.000000000000000000e+00 5.000000000000000000e+00 1.000000000000000000e+01 2.000000000000000000e+01 4.000000000000000000e+01 8.000000000000000000e+01 1.000000000000000000e+00 5.000000000000000000e+00 1.000000000000000000e+01 2.000000000000000000e+01 4.000000000000000000e+01 8.000000000000000000e+01 1.000000000000000000e+00 4.844413846387361500e-01 4.314329449030427366e-01 3.265854217170064411e-01 4.182228191311211374e-01 8.303739500032775167e-01 8.352548280365021949e-01
8.199999999999998956e-02 1.000000000000000000e+00 5.000000000000000000e+00 1.000000000000000000e+01 2.000000000000000000e+01 4.000000000000000000e+01 8.000000000000000000e+01 1.000000000000000000e+00 5.000000000000000000e+00 1.000000000000000000e+01 2.000000000000000000e+01 4.000000000000000000e+01 8.000000000000000000e+01 1.000000000000000000e+00 4.847750034328275337e-01 4.326428869546045108e-01 3.201376830576037058e-01 3.813284204747713346e-01 8.300982247384716128e-01 8.352548280358601529e-01
8.399999999999999134e-02 1.000000000000000000e+00 5.000000000000000000e+00 1.000000000000000000e+01 2.000000000000000000e+01 4.000000000000000000e+01 8.000000000000000000e+01 1.000000000000000000e+00 5.000000000000000000e+00 1.000000000000000000e+01 2.000000000000000000e+01 4.000000000000000000e+01 8.000000000000000000e+01 1.000000000000000000e+00 4.850935674143945220e-01 4.338020230628742979e-01 3.119445913062044995e-01 3.396461832564993677e-01 8.298311898639464390e-01 8.352548280352216636e-01
8.599999999999999312e-02 1.000000000000000000e+00 5.000000000000000000e+00 1.000000000000000000e+01 2.000000000000000000e+01 4.000000000000000000e+01 8.000000000000000000e+01 1.000000000000000000e+00 5.000000000000000000e+00 1.000000000000000000e+01 2.000000000000000000e+01 4.000000000000000000e+01 8.000000000000000000e+01 1.000000000000000000e+00 4.853976728994744416e-01 4.349120313987275277e-01 3.026699328157700375e-01 2.924598143175232701e-01 8.295725733618486419e-01 8.352548280345877263e-01
8.799999999999999489e-02 1.000000000000000000e+00 5.000000000000000000e+00 1.000000000000000000e+01 2.000000000000000000e+01 4.000000000000000000e+01 8.000000000000000000e+01 1.000000000000000000e+00 5.000000000000000000e+00 1.000000000000000000e+01 2.000000000000000000e+01 4.000000000000000000e+01 8.000000000000000000e+01 1.000000000000000000e+00 4.856879000864726126e-01 4.359745750267219888e-01 2.932426799348855084e-01 2.414868587258184041e-01 8.293221052692293371e-01 8.352548280339565645e-01
8.999999999999999667e-02 1.000000000000000000e+00 5.000000000000000000e+00 1.000000000000000000e+01 2.000000000000000000e+01 4.000000000000000000e+01 8.000000000000000000e+01 1.000000000000000000e+00 5.000000000000000000e+00 1.000000000000000000e+01 2.000000000000000000e+01 4.000000000000000000e+01 8.000000000000000000e+01 1.000000000000000000e+00 4.859648127895009329e-01 4.369912980293877425e-01 2.836922475528645404e-01 2.028560978218668376e-01 8.289130845468977160e-01 8.352548280335952979e-01
9.199999999999999845e-02 1.000000000000000000e+00 5.000000000000000000e+00 1.000000000000000000e+01 2.000000000000000000e+01 4.000000000000000000e+01 8.000000000000000000e+01 1.000000000000000000e+00 5.000000000000000000e+00 1.000000000000000000e+01 2.000000000000000000e+01 4.000000000000000000e+01 8.000000000000000000e+01 1.000000000000000000e+00 4.862289582543184996e-01 4.379638220325673958e-01 2.740478197322466780e-01 1.742346284205583684e-01 8.284645390144305122e-01 8.352548280332745545e-01
9.400000000000000022e-02 1.000000000000000000e+00 5.000000000000000000e+00 1.000000000000000000e+01 2.000000000000000000e+01 4.000000000000000000e+01 8.000000000000000000e+01 1.000000000000000000e+00 5.000000000000000000e+00 1.000000000000000000e+01 2.000000000000000000e+01 4.000000000000000000e+01 8.000000000000000000e+01 1.000000000000000000e+00 4.864808670501578614e-01 4.388937431163189573e-01 2.643393042938244064e-01 1.514742966614971154e-01 8.280295524156433551e-01 8.352548280329661345e-01
9.600000000000000200e-02 1.000000000000000000e+00 5.000000000000000000e+00 1.000000000000000000e+01 2.000000000000000000e+01 4.000000000000000000e+01 8.000000000000000000e+01 1.000000000000000000e+00 5.000000000000000000e+00 1.000000000000000000e+01 2.000000000000000000e+01 4.000000000000000000e+01 8.000000000000000000e+01 1.000000000000000000e+00 4.867210530308794247e-01 4.397826290943120942e-01 2.545970375728578983e-01 1.368585944514882635e-01 8.276077629306011207e-01 8.352548280323596197e-01
9.800000000000000377e-02 1.000000000000000000e+00 5.000000000000000000e+00 1.000000000000000000e+01 2.000000000000000000e+01 4.000000000000000000e+01 8.000000000000000000e+01 1.000000000000000000e+00 5.000000000000000000e+00 1.000000000000000000e+01 2.000000000000000000e+01 4.000000000000000000e+01 8.000000000000000000e+01 1.000000000000000000e+00 4.869500133590936031e-01 4.406320171433408261e-01 2.448514706729707224e-01 1.323101062827784224e-01 8.271988064234064852e-01 8.352548280317160234e-01
1.000000000000000056e-01 1.000000000000000000e+00 5.000000000000000000e+00 1.000000000000000000e+01 2.000000000000000000e+01 4.000000000000000000e+01 8.000000000000000000e+01 1.000000000000000000e+00 5.000000000000000000e+00 1.000000000000000000e+01 2.000000000000000000e+01 4.000000000000000000e+01 8.000000000000000000e+01 1.000000000000000000e+00 4.871682285871463125e-01 4.414434117637174304e-01 2.351498287853793501e-01 1.719677801020534913e-01 8.268023175239618272e-01 8.352548280310757578e-01
